15
16.4
17.8
19.2
20.7
22.2
23.7
25.0
26.4
27.8
29.3
30.6
32.1
33.5
34.6
36.1
37.6
39.2
40.8
42.3
43.8
45.2
46.7
48.3
49.9
51.4
52.9
54.3
55.9
57.5
59.0
60.4
61.9
63.3
64.7
66.2
67.5
68.9
70.3
71.6
72.8
74.1
75.3
76.7
78.0
79.3
80.8
82.1
83.6
85.0
86.4
87.7
89.1
90.4
91.7
93.2
94.6
96.0
97.4
98.6
99.3
100.9
102.4
103.9
105.3
106.8
108.3
109.7
111.1
112.5
114.1
115.6
117.1
118.6
120.1
121.8
123.1
124.5
125.9
127.4
129.0
130.4
131.8
133.2
134.5
136.0
137.4
138.8
140.2
141.3
141.9
143.2
144.4
145.6
146.8
148.0
149.2
150.3
151.3
152.5
153.5
154.6
155.7
156.8
157.9
159.0
160.3
161.4
162.5
163.6
164.8
166.0
167.2
168.5
169.7
170.9
171.9
173.1
174.2
175.0
176.5
177.8
179.2
180.6
182.0
183.1
184.4
185.6
186.9
188.2
189.5
190.8
192.0
193.8
195.0
196.3
197.6
198.9
200.2
201.5
202.7
203.9
205.3
206.6
208.0
209.4
210.7
212.1
213.5
214.8
216.2
217.6
218.7
219.5
220.8
222.3
223.9
225.1
226.4
227.6
228.9
230.0
231.2
232.5
233.7
235.0
236.4
237.5
238.8
240.0
241.3
242.6
243.8
245.1
246.3
247.5
248.8
250.0
251.4
252.6
253.8
255.0
256.2
257.4
258.7
260.2
261.6
262.9
264.2
265.5
266.8
268.0
269.2
270.6
271.9
273.1
274.4
275.5
276.7
278.0
279.3
280.3
281.7
282.9
284.1
285.4
286.7
287.9
289.2
290.6
291.9
293.2
294.6
295.8
297.2
298.6
299.6
301.1
302.4
303.8
305.3
306.8
308.2
309.6
311.0
312.4
313.9
315.2
316.7
317.9
319.3
320.7
322.1
323.6
325.0
326.4
327.7
329.1
330.6
331.9
333.3
334.7
336.1
337.4
338.8
