depth	min	max	median	wmean
0	-378.5	-65.8	-136.7	-158.5
1	-338.7	-65.1	-126.9	-146.1
2	-298.9	-64.3	-117.2	-133.7
3	-259	-63.6	-107.6	-121.3
4	-219.1	-62.7	-98	-109
5	-179.4	-62	-88.3	-96.8
6	-138.5	-60.9	-78.4	-84.3
7	-98.7	-59.8	-69.3	-71.7
8	-65.3	-55	-59	-59.3
9	-64.1	-54.6	-58.6	-58.7
10	-62.7	-54.2	-58.2	-58.2
11	-61.4	-53.6	-57.8	-57.6
12	-60.2	-53	-57.3	-57.1
13	-59.2	-52.3	-56.9	-56.5
14	-58.4	-51.6	-56.4	-55.9
15	-57.9	-50.7	-55.8	-55.4
16	-57.6	-49.7	-55.3	-54.8
17	-56.3	-48.7	-54.2	-53.7
18	-55.1	-47.8	-53.1	-52.6
19	-53.9	-46.8	-52	-51.5
20	-52.8	-45.7	-50.9	-50.4
21	-51.7	-44.6	-49.8	-49.3
22	-50.7	-43.5	-48.7	-48.2
23	-49.8	-42.4	-47.6	-47.2
24	-48.9	-41.3	-46.4	-46.1
25	-45.4	-38	-43.2	-42.7
26	-41.9	-34.8	-39.9	-39.4
27	-38.6	-31.4	-36.6	-36.1
28	-35.4	-28	-33.2	-32.7
29	-32.3	-24.5	-29.9	-29.4
30	-29.3	-21	-26.5	-26.1
31	-26.3	-17.5	-23.1	-22.7
32	-23.3	-14	-19.8	-19.4
33	-14.5	-3.2	-10.4	-9.8
34	-8.3	11.2	-1.3	-0.2
35	-2.5	26.3	7.8	9.4
36	3	41.7	16.9	19
37	8.6	57.2	26	28.5
38	14.3	72.7	35.1	38.1
39	19.8	88.4	44.2	47.7
40	25.2	104	53.3	57.3
41	47.2	173.1	97.4	100.9
42	57.3	267.7	137.4	144.2
43	65.2	365.4	176.7	187.4
44	72.2	463	216.5	230.8
45	78.7	564.5	256.5	274.1
46	84.5	663.1	296.4	317.4
47	89.3	758.2	335.6	360.7
48	94	856.5	375.1	403.9
49	143.7	882.4	428.4	455.2
50	180.3	909.8	489.1	506.8
51	209.3	947.5	549	558.4
52	232.5	989.2	609.3	610.1
53	254.2	1036.3	663.5	661.7
54	273.1	1103	719.9	713.6
55	290.9	1170.2	775.6	765.2
56	305.8	1254.1	827.3	815.7
57	397.3	1264.5	873.9	863.9
58	483	1276.8	920.6	912.8
59	561.8	1287.8	968.3	961.8
60	627.1	1302.6	1021.2	1011
61	663.4	1321	1074.4	1059.8
62	691.9	1342.4	1130.4	1108.6
63	720.4	1374.3	1187.5	1157.5
64	748.8	1423.4	1240.1	1206.3
65	868.2	1434	1269.8	1243.5
66	983.7	1446.9	1298.2	1280.9
67	1085.5	1465.1	1326.6	1318.5
68	1179.4	1492.2	1356.6	1356
69	1226	1525.6	1392.3	1393.5
70	1252.4	1585.2	1426.8	1430
71	1280.4	1680	1455.7	1465.8
72	1297.7	1792.9	1482.5	1501.8
73	1332	1822	1516	1533.6
74	1349.8	1854.9	1549.9	1565.1
75	1368.6	1895.9	1582.1	1597.1
76	1378.3	1948.5	1613.8	1628.7
77	1390.5	2012.3	1643.2	1660.6
78	1396.6	2075.6	1671	1691.9
79	1403.9	2149	1697.9	1723
80	1411.7	2234.7	1726.7	1754.1
81	1443.3	2257.2	1758.1	1785.9
82	1466.1	2281.6	1791.3	1817.1
83	1484.5	2306.9	1826	1848.3
84	1500.5	2337.6	1860.6	1880.4
85	1514.3	2366	1892.9	1912.2
86	1529.5	2404.7	1925.5	1943.3
87	1541.9	2456	1958.3	1974.9
88	1553	2503.7	1992	2006.2
89	1587.5	2521.7	2021	2036.2
90	1614.1	2539.1	2055.2	2066.3
91	1636.7	2557.5	2088.6	2096.5
92	1659.1	2580.9	2121.9	2126.8
93	1677.1	2608.1	2156.1	2157.1
94	1696.6	2636.7	2185.6	2187.3
95	1712.5	2672.9	2216.6	2218.1
96	1730.6	2709.4	2247.8	2249.1
97	1784.4	2723.5	2277.6	2279.7
98	1832.3	2740.7	2310	2310.5
99	1866.2	2757.6	2344.3	2341.7
100	1896.7	2776.2	2378.4	2372.5
101	1926.9	2795	2413	2403.6
102	1952.9	2815	2449.6	2434.7
103	1974.6	2842.9	2484.4	2465.5
104	1994.9	2874.3	2518	2496.2
105	2047.2	2885.6	2546.5	2526.9
106	2093.4	2895.6	2577.6	2557.7
107	2141.6	2911	2608.7	2588.5
108	2187.9	2924.9	2640.9	2619.9
109	2220.4	2944.6	2673.4	2651.2
110	2250.3	2967.8	2708.6	2682.3
111	2278.5	2995	2743.2	2713.5
112	2300.5	3024.6	2776.5	2744.2
113	2376.7	3032.4	2799.9	2773.8
114	2447.2	3042.2	2823	2803.2
115	2513.9	3053.1	2846.4	2832.5
116	2585.9	3065.2	2871.1	2862
117	2642.5	3080.8	2897.8	2891.5
118	2678.7	3098.1	2924.8	2921.3
119	2698.5	3121.6	2952.8	2950.9
120	2721.9	3156.8	2981.7	2980.4
121	2748.4	3167.9	2994	2992.8
122	2776.3	3183	3006.3	3005.4
123	2792.9	3198.2	3018.9	3017.5
124	2804.8	3219.3	3030.9	3029.9
125	2816.4	3243.1	3041.1	3042.1
126	2830.8	3267	3052.2	3054.3
127	2832.1	3292.4	3062.2	3066.3
128	2844	3317.9	3071.8	3077.7
129	2852.1	3328.3	3083.9	3089.7
130	2863	3338.7	3097.1	3102
131	2871.1	3351.4	3109.8	3113.8
132	2884.9	3367.7	3121.5	3125.9
133	2890.9	3381.7	3133.7	3138
134	2902.4	3399.1	3145.5	3149.9
135	2909.5	3419.5	3156.2	3161.9
136	2913.8	3440.5	3168	3174
137	2926.6	3449.3	3180.7	3185.9
138	2940.3	3460.6	3192.6	3197.8
139	2949.7	3471.6	3205.3	3209.6
140	2961.8	3484.1	3217.7	3221.9
141	2968.5	3499.1	3230.5	3233.9
142	2974	3515.5	3243.1	3246.3
143	2981.7	3534.8	3254.3	3258.8
144	2988.3	3550.7	3265.7	3270.6
145	3004.1	3563.2	3278.9	3283
146	3016.9	3574.9	3290.9	3295.1
147	3027.2	3587.8	3304.6	3307.3
148	3039.2	3600.8	3317.2	3319.5
149	3048.1	3612	3330.4	3331.9
150	3057	3626.8	3343.1	3344.2
151	3066.4	3643.3	3356	3356.1
152	3074.4	3661.1	3367.5	3368
153	3089	3669.3	3379.4	3380.3
154	3100	3680.7	3391.9	3392.6
155	3109.2	3691.6	3405.2	3405
156	3118	3702.9	3417.5	3417.3
157	3127.1	3714.7	3428.6	3429.3
158	3138.7	3729	3439.7	3441.6
159	3147.9	3745.9	3451.7	3454
160	3156.1	3762.6	3462.1	3465.8
161	3173.2	3770.2	3475.6	3478.1
162	3189.5	3776.3	3488.2	3490.4
163	3205.2	3785.2	3501.8	3503
164	3215.6	3792.9	3515.4	3515.3
165	3226	3805.1	3528.4	3527.6
166	3235.8	3817	3541.7	3540.1
167	3241.1	3831.9	3554.6	3552.7
168	3250.7	3845	3567.1	3565.2
169	3266.9	3854	3580	3577.7
170	3281.3	3861.1	3592.8	3590
171	3292.4	3869	3605.5	3602.5
172	3301.5	3879.3	3619.2	3614.9
173	3312.9	3885.4	3632.8	3627.3
174	3323.9	3898.5	3646.5	3640.1
175	3332.8	3909.6	3659	3652.6
176	3343.5	3925.7	3672.8	3665
177	3356	3930.1	3684.4	3677.1
178	3373.2	3938.9	3696.9	3689.2
179	3386.5	3949	3708.9	3701
180	3400.3	3958.9	3721.9	3713.3
181	3412.9	3967.9	3734	3725.5
182	3422.8	3980.8	3746.1	3737.6
183	3434.3	3993.1	3758.7	3749.8
184	3441.4	4006.6	3770.6	3762
185	3462.2	4014.9	3781.1	3774
186	3476.2	4020.7	3792.9	3786
187	3489.6	4028	3805.2	3797.9
188	3502	4034.5	3818.3	3809.9
189	3512.7	4043.1	3832.2	3821.9
190	3521.4	4054.8	3846.2	3833.9
191	3530.1	4066.5	3858.8	3845.4
192	3540.7	4080.7	3872.2	3857.7
193	3549.3	4090.7	3884.8	3866.9
194	3558.1	4104.4	3895.3	3876
195	3565.6	4115.5	3905.1	3885.3
196	3571.5	4125.2	3912	3894.3
197	3579	4140.1	3920.5	3903.3
198	3585	4160	3929	3912.4
199	3593.2	4175.5	3937	3921.4
200	3597	4199.4	3945.3	3930.8
201	3606.4	4211.9	3952.6	3939.5
202	3610.9	4225.8	3961.5	3948.1
203	3617.1	4240.1	3969.3	3956.8
204	3623.5	4258	3976.7	3965.6
205	3628.5	4273.7	3983.9	3974.3
206	3632.8	4289.7	3991.1	3982.8
207	3639.2	4307.8	3999.3	3991.4
208	3646.2	4328.2	4007	3999.9
209	3654	4343.1	4014.6	4008.7
210	3659	4360	4022.4	4017.1
211	3665.5	4373.8	4031.2	4025.6
212	3672.5	4390.4	4038.2	4034.4
213	3679.4	4410	4047.3	4043.1
214	3685.7	4430	4054.5	4051.6
215	3690.6	4449.3	4062	4060.3
216	3696	4473.6	4068.9	4068.9
217	3703.2	4486.4	4078.4	4077.3
218	3708.1	4498.5	4086.8	4086.1
219	3713.9	4514.7	4095	4094.7
220	3719.5	4535.9	4103	4103.3
221	3725.7	4553.5	4110.3	4112
222	3730.9	4568.1	4118.1	4120.6
223	3736.8	4585.8	4125.8	4129.3
224	3741.2	4604.9	4132.1	4137.8
225	3746.3	4621.7	4140.9	4146.7
226	3751.9	4638	4150.3	4155.6
227	3757.4	4653.4	4159.3	4164.6
228	3763.3	4671.1	4169	4173.8
229	3767.5	4688.9	4177.5	4182.6
230	3773.9	4703.6	4186.3	4191.6
231	3778.8	4719.6	4194	4200.7
232	3784	4734.1	4202.5	4209.6
233	3792.2	4747.9	4212	4218.3
234	3798.4	4758.3	4220.4	4227
235	3805.5	4770.7	4230.6	4235.8
236	3812.6	4785.3	4239.8	4244.4
237	3816.1	4795	4247.9	4253.1
238	3822.5	4806.1	4256.1	4262.2
239	3828	4821	4264.1	4271
240	3833.2	4835.7	4273.2	4280
241	3842.6	4847.6	4284.6	4291.1
242	3851.1	4861.2	4296.3	4302.3
243	3861.1	4876	4306.9	4313.2
244	3868.7	4888.7	4317.6	4324.3
245	3873.4	4907.8	4327.6	4335.3
246	3880.9	4930.1	4338.1	4346.4
247	3886.7	4953.3	4349.1	4357.6
248	3890.7	4976.6	4360.7	4368.9
249	3902	4996.1	4380.2	4387.1
250	3910.6	5024.1	4399.1	4405.3
251	3920.2	5052	4416.9	4423.8
252	3927.9	5090	4434.4	4442
253	3935.5	5123.5	4451.6	4460.2
254	3941.1	5160.9	4467.6	4478.6
255	3946.9	5192.7	4483.3	4496.2
256	3953.6	5228.4	4499.8	4514.4
257	3968.8	5247.7	4521.1	4534.4
258	3980.4	5270.5	4543.5	4554.1
259	3996.9	5294.9	4563	4574.1
260	4006.1	5319.9	4583.2	4593.7
261	4014.2	5341.8	4601.9	4613.4
262	4024.7	5375.4	4619.9	4633
263	4031.5	5404.8	4636.5	4652.6
264	4039.3	5436.7	4653.5	4672
265	4050.3	5455.5	4675.3	4691.4
266	4063.6	5474.9	4695.2	4710.5
267	4073.8	5496.4	4717.3	4730.1
268	4085.4	5517.8	4735.9	4748.9
269	4094.7	5546.6	4757.2	4767.9
270	4103.5	5585.3	4776.4	4787.1
271	4111.5	5622.2	4792.7	4805.5
272	4123.1	5660	4813.1	4825.1
273	4133.2	5677.5	4832.5	4844.6
274	4148.8	5701.1	4853.8	4864
275	4159.5	5724.1	4875.3	4883.3
276	4168.6	5745.3	4896.2	4902.6
277	4178.3	5772.4	4915.1	4921.6
278	4187.1	5803.9	4936.2	4940.7
279	4196.1	5834.4	4956.2	4959.9
280	4201	5870.9	4974.4	4978.7
281	4215.4	5887.9	4997.4	4998.2
282	4225.4	5907.8	5017.6	5017.7
283	4237.3	5932.2	5037.6	5037.7
284	4245.4	5955.8	5059.2	5056.8
285	4257.8	5983.9	5079.4	5076.9
286	4272.2	6019	5101.2	5097
287	4282.9	6059.7	5120.3	5116.4
288	4290.6	6105.6	5139.9	5135.8
289	4302.8	6120.1	5161.4	5156.1
290	4312.3	6140.3	5183.1	5175.3
291	4322.3	6161.1	5204.5	5195.4
292	4338.2	6187.1	5224	5216.4
293	4348.5	6207.7	5242.7	5236.1
294	4355.2	6236.1	5258.8	5255.7
295	4365.6	6267	5277.1	5275.2
296	4375.9	6296.5	5297.1	5295.7
297	4412.1	6322.6	5338.9	5339.2
298	4445.7	6349.2	5384.9	5383.6
299	4478.9	6376.7	5437.9	5428.2
300	4510.3	6403.5	5492.4	5472.3
301	4534.3	6445.5	5538.7	5516.4
302	4560.1	6493.8	5584	5560.6
303	4588	6552.9	5628.3	5604.7
304	4606.8	6614.7	5669.8	5648.8
305	4724.5	6633.6	5732.7	5716.1
306	4824.6	6659.1	5800.3	5784.9
307	4896.7	6688.7	5866.4	5853.8
308	4944.1	6714.1	5939.7	5922.3
309	4988.3	6754	6019	5990.9
310	5033.8	6800.3	6099.5	6060
311	5078	6851.3	6180	6128.8
312	5123.7	6925.7	6254.5	6197.1
313	5311.7	6945	6316	6270.5
314	5501.5	6963.1	6379.9	6344.4
315	5682.1	6980.8	6441.3	6418.1
316	5857.7	6998.5	6508.1	6491.9
317	6024.5	7019.5	6579.4	6566.1
318	6147.7	7048.7	6656.3	6640
319	6238.2	7094.5	6735.9	6714.6
320	6311.3	7165.6	6812.6	6788
321	6544.7	7201.1	6899.7	6890.7
322	6759.8	7244.1	6987.2	6993.8
323	6925.1	7298.2	7084.1	7097.6
324	6992.9	7437.2	7189.3	7201.9
325	7036.4	7620.3	7292.4	7305.6
326	7065.1	7830.4	7380.6	7408.2
327	7087.4	8064.5	7468.3	7511.9
328	7103.3	8302	7556.6	7614.5
329	7249.1	8329.1	7664.4	7715.3
330	7390	8362.1	7774.3	7815.6
331	7505.4	8396.6	7886.6	7916.9
332	7595.5	8434.9	8000.7	8017.6
333	7677.7	8477.6	8118.9	8118.8
334	7747.2	8524.7	8241.2	8219.8
335	7818.3	8586	8356.2	8320.7
336	7880.4	8686.3	8462	8420.8
337	7937.1	8695.7	8493.6	8453.3
338	8008.3	8705.3	8523.6	8485.5
339	8070.3	8716.9	8553.7	8518.1
340	8115.1	8730.4	8583	8550.6
341	8152.8	8752.4	8613.7	8583.6
342	8195.4	8782.4	8647	8616.6
343	8230	8832.7	8676	8649.3
344	8247.6	8901.2	8701.5	8681.5
345	8266.8	8911.6	8713.3	8694
346	8286.3	8922.9	8726	8707.1
347	8303	8935.2	8738.2	8719.9
348	8319.1	8951.6	8749.6	8732.3
349	8334.5	8972.1	8760.9	8744.9
350	8347.9	8995.5	8771.3	8757.4
351	8364.1	9017.3	8781.1	8769.7
352	8379.2	9040.6	8791	8782.1
353	8398.2	9048.5	8804.8	8795.1
354	8417.3	9058.8	8816.4	8807.6
355	8440.3	9070.3	8829.9	8820.6
356	8456.9	9080.4	8842.2	8833.8
357	8470	9096.5	8854.5	8846.6
358	8483.5	9115.4	8866.7	8859.5
359	8498.7	9136.3	8879.2	8872.8
360	8513.6	9159.2	8892.4	8885.6
361	8539.5	9167.6	8904.6	8898.5
362	8560.2	9177.3	8917.4	8911.4
363	8578.5	9191.5	8930.2	8924.4
364	8592.6	9203.9	8943.1	8937.7
365	8607.7	9217.6	8955.2	8950.5
366	8619.6	9232.3	8969.2	8963.8
367	8630.9	9250.3	8981.7	8976.9
368	8643	9268.7	8993.4	8989.6
369	8664.8	9276	9005.7	9002.7
370	8692.5	9288.3	9018.4	9015.9
371	8710.4	9299.1	9031	9029
372	8730.8	9309.5	9043.8	9042.1
373	8748.9	9322	9056.5	9055.2
374	8762.6	9336.2	9069.4	9068.4
375	8775.5	9354.2	9082.1	9081.3
376	8786.1	9369.5	9095.2	9094.5
377	8806	9376.7	9105.1	9106.9
378	8826.6	9386	9115	9119.2
379	8846	9396.7	9126.4	9131.4
380	8864.4	9407	9138	9144
381	8877.5	9420	9149.1	9156.5
382	8890.5	9433.7	9160.2	9169
383	8903	9451.6	9172.2	9181.2
384	8916.2	9472	9183.7	9194
385	8933.4	9490.6	9198.3	9211.1
386	8951.4	9515	9214.3	9228.3
387	8971.1	9534.6	9232.1	9245.6
388	8982.9	9555.7	9249.9	9262.8
389	8998	9580	9267.2	9279.9
390	9008.5	9606.7	9282.7	9297
391	9020.6	9641.9	9297.1	9313.9
392	9031.8	9682.5	9312.4	9330.9
393	9045.8	9705.6	9332.5	9351.2
394	9060.5	9731.1	9353.8	9371.1
395	9070.3	9756.8	9374.9	9391.1
396	9081.1	9783.7	9395.1	9411.3
397	9093.4	9822.6	9415	9431.5
398	9103.9	9863	9433.6	9451.1
399	9112.9	9908.7	9452	9471.4
400	9119.9	9952.4	9470	9490.7
