depth	min	max	median	wmean
15	-57.5	-54.6	-56.1	-56.1
16.4	-56.5	-54	-55.3	-55.3
17.8	-55.8	-53	-54.5	-54.5
19.2	-55	-51.7	-53.5	-53.4
20.7	-52	-49.4	-50.8	-50.8
22.2	-49.6	-46.7	-48.2	-48.2
23.7	-47.5	-43.6	-45.5	-45.5
25	-44.1	-40.7	-42.4	-42.4
26.4	-40.2	-37.1	-38.7	-38.7
27.8	-37	-33	-35	-34.9
29.3	-32.4	-27.6	-30	-29.9
30.6	-24	-20.2	-22.1	-22.1
32.1	-15.9	-10.8	-12.8	-12.9
33.5	-9	-1.5	-4.3	-4.4
34.6	-1.2	70	18.3	22.8
36.1	1.9	246.9	67.3	83.2
37.6	5.4	423.9	116.6	143.9
39.2	15	596.1	170.3	208.1
40.8	48.2	652.6	244.8	273.9
42.3	70.8	719	312.5	335.8
43.8	87.3	805	373.8	396.7
45.2	135.2	845.1	432.3	450.9
46.7	178.4	888.6	497.2	508.8
48.3	208	961.7	561.7	570.5
49.9	270.2	1024.1	629.5	636.3
51.4	334.9	1064.1	699.2	702.6
52.9	376.8	1120.8	771.1	768.6
54.3	420.5	1184.4	833.5	829
55.9	503.6	1211.9	900.4	893.6
57.5	559.1	1254.7	970.2	958.5
59	594.8	1314.6	1035.2	1019.3
60.4	710.8	1331	1089.8	1074.7
61.9	799.4	1353.3	1151.3	1135.4
63.3	854.7	1386.7	1213.2	1192
64.7	937.7	1420.5	1264.7	1245.3
66.2	1052.9	1441.9	1309.5	1298.6
67.5	1103.3	1473.9	1349.1	1344.9
68.9	1145	1530.6	1398.4	1394.4
70.3	1174.2	1574.3	1431.4	1428
71.6	1202.4	1635.1	1457.2	1458.2
72.8	1224.2	1704.8	1477.9	1485.2
74.1	1244.9	1781.8	1500.7	1514.5
75.3	1269.5	1813	1530.9	1543.8
76.7	1305.2	1862.1	1565.6	1578.2
78	1330.3	1919.7	1594.7	1609.8
79.3	1353.9	1979.1	1622.5	1641
80.8	1388.4	2018.9	1660.8	1678.8
82.1	1410.9	2067.3	1694.4	1711.7
83.6	1434.4	2133.1	1731.8	1749.7
85	1463.9	2178.8	1766.4	1785.1
86.4	1493.6	2219.6	1803.5	1821
87.7	1514.4	2262	1835.9	1854.5
89.1	1531.7	2317.1	1869.6	1889.8
90.4	1562.7	2345.6	1904.2	1923.5
91.7	1585.2	2383	1939.7	1957.3
93.2	1608.4	2432.4	1979.2	1995.9
94.6	1637	2478.7	2015.4	2031.8
96	1667.6	2508.8	2051.7	2068.2
97.4	1692.7	2549.1	2088.1	2104.5
98.6	1708.6	2591.2	2117.6	2135.2
99.3	1722.8	2610.3	2134.6	2153.2
100.9	1762.2	2643.7	2176.7	2194.6
102.4	1785.6	2677.4	2216.2	2233.4
103.9	1810.8	2728.1	2255	2271.8
105.3	1848.8	2752.9	2291	2308.8
106.8	1887.8	2783	2327.5	2347.9
108.3	1916.1	2824.9	2364.6	2387.2
109.7	1949.3	2857.3	2396.8	2422.7
111.1	1986.9	2878.7	2431.5	2459
112.5	2018.1	2904.2	2465.1	2494.8
114.1	2048.1	2943.5	2503.5	2535.2
115.6	2085.6	2958.7	2528.6	2568.1
117.1	2114.4	2981.9	2552.7	2601.2
118.6	2141	3011.8	2584	2634.1
120.1	2164.2	3035.8	2606.8	2656.5
121.8	2190.5	3055.1	2630.4	2677.1
123.1	2207.9	3075.1	2649	2692.7
124.5	2225.6	3092.4	2667.9	2709
125.9	2247.7	3106.7	2687.6	2725.9
127.4	2271.1	3125.5	2709.3	2744.1
129	2289.6	3146.2	2733.7	2763
130.4	2307	3161.8	2751.7	2779.6
131.8	2324	3177.6	2770.4	2795.9
133.2	2339.3	3197.7	2791.4	2812.1
134.5	2353.8	3213	2810.1	2827.2
136	2375.4	3226.1	2829	2844.4
137.4	2392.7	3242.5	2847.1	2860.7
138.8	2411.8	3258.9	2867.2	2876.3
140.2	2431.7	3271.7	2883.6	2892.6
141.3	2449.7	3282.3	2898.4	2905.1
141.9	2457.2	3289.6	2905.7	2912.2
143.2	2473.3	3305.1	2923.9	2927.1
144.4	2488.5	3318.8	2940.3	2940.9
145.6	2507.8	3330	2955.6	2955.6
146.8	2524.7	3343.6	2972.1	2970.1
148	2540.6	3357	2987.4	2984.5
149.2	2554.7	3372.5	3004.9	2998.8
150.3	2569	3382.4	3018.1	3012.2
151.3	2582.2	3391	3030.5	3024
152.5	2595.5	3405.4	3045.7	3038.3
153.5	2606	3418.7	3059.6	3050.4
154.6	2619.2	3431.9	3073.1	3063.4
155.7	2636.6	3442.8	3084.9	3076.1
156.8	2650.3	3453.7	3098.8	3089.2
157.9	2665.3	3467.1	3111	3101.9
159	2677	3481.7	3125.3	3115.1
160.3	2699.5	3491.9	3139.6	3130.5
161.4	2716.6	3502.9	3152.3	3143.5
162.5	2730.1	3513.4	3164.9	3156.6
163.6	2742.7	3525	3179.3	3169.8
164.8	2762.2	3533.4	3193.7	3183.7
166	2784.5	3545.4	3206.8	3197.9
167.2	2801.7	3557.6	3220.5	3211.8
168.5	2815.8	3570.8	3235.3	3226.8
169.7	2834.9	3582.8	3250.2	3241.1
170.9	2852.4	3592.9	3263.9	3255.6
171.9	2867	3602.1	3276	3267.7
173.1	2883.1	3615.3	3291.2	3282.3
174.2	2895	3628.3	3305.2	3295.6
175	2904.9	3634.6	3314.8	3305.2
176.5	2926.4	3649	3331.7	3323
177.8	2942.3	3663.5	3347	3338.4
179.2	2958.3	3677.5	3364.3	3355.2
180.6	2979.6	3691.4	3379.1	3371.6
182	2999.9	3704.8	3395.5	3388.3
183.1	3014.5	3718.7	3408.6	3401.3
184.4	3033.7	3732.5	3422.7	3416.7
185.6	3053.1	3742.1	3436	3430.8
186.9	3072.2	3754.5	3451	3446.1
188.2	3087.1	3765.4	3466.6	3461.2
189.5	3100.6	3777.6	3481.9	3476.1
190.8	3118	3786.3	3495.9	3489.9
192	3134.2	3795.7	3509.9	3502.7
193.8	3153.8	3813.3	3528.9	3521.8
195	3169.6	3820.1	3537.7	3531.5
196.3	3183.8	3828	3546.8	3541.5
197.6	3198.2	3838.1	3555.7	3551.5
198.9	3210.3	3847.6	3564.6	3561.4
200.2	3228.3	3855.7	3574.5	3571.5
201.5	3245.6	3863.2	3582.6	3581.3
202.7	3261.9	3869.9	3590.9	3590.4
203.9	3275.2	3878.7	3599.4	3599.6
205.3	3294.8	3889.1	3609.6	3610.6
206.6	3310.3	3897.3	3619.1	3620.7
208	3323.5	3907.8	3629.3	3631.4
209.4	3340.2	3919.1	3639.6	3642.2
210.7	3354.7	3927.2	3649	3652.4
212.1	3370.9	3933.4	3659.9	3663.1
213.5	3385.5	3942.9	3669.8	3673.8
214.8	3398.8	3951.3	3679.5	3683.5
216.2	3416.9	3960	3688.7	3693.3
217.6	3435.6	3967.6	3699.1	3703.8
218.7	3448.7	3975.5	3707.4	3712
219.5	3459.8	3980.4	3713	3718
220.8	3473.9	3988.9	3721.9	3727.7
222.3	3488.6	3999.7	3732.6	3738.9
223.9	3505.7	4010.7	3743.8	3750.8
225.1	3522	4019.8	3752	3759.8
226.4	3540.8	4030.8	3761.5	3769.9
227.6	3554.3	4040.6	3770.2	3779.1
228.9	3568.2	4050.2	3779.5	3788.9
230	3583	4056.2	3787.3	3797.4
231.2	3597.8	4063.6	3795.7	3806.4
232.5	3614.4	4072.2	3805.9	3816.1
233.7	3628.1	4080.3	3815.4	3825.2
235	3645.9	4086.1	3823.8	3834.5
236.4	3664.6	4093.7	3832.8	3844.5
237.5	3677.1	4098.6	3840.7	3852.9
238.8	3689	4107.1	3850.9	3863.1
240	3707.4	4113.4	3859.1	3872.3
241.3	3724.9	4120.3	3868.5	3882.2
242.6	3739.2	4127	3878	3892.4
243.8	3747.9	4134.4	3886.7	3901.5
245.1	3759.7	4146.4	3899.1	3913.6
246.3	3769.1	4157.3	3910.9	3925.1
247.5	3777.3	4168.8	3922.9	3936.8
248.8	3784.2	4185.1	3935.2	3949.2
250	3795.6	4195.7	3946.3	3960.5
251.4	3808.5	4206.1	3959.4	3973.6
252.6	3817.2	4217.2	3971.3	3984.7
253.8	3825.4	4231	3981.9	3995.9
255	3836.3	4243.6	3995	4007.5
256.2	3845.3	4255.4	4007.3	4019.2
257.4	3854.2	4267.2	4019.4	4030.7
258.7	3863.2	4282.4	4032.4	4043.5
260.2	3876.7	4293.1	4046.5	4057.4
261.6	3887.7	4305.6	4060.4	4070.8
262.9	3896.2	4316.5	4072.8	4082.9
264.2	3906	4329	4084.5	4095.2
265.5	3919.9	4341.3	4097.2	4107.9
266.8	3931.9	4355.4	4109.7	4120.2
268	3941.8	4366.5	4121.2	4131.8
269.2	3950.6	4380.5	4132.8	4143.7
270.6	3966.4	4391.2	4146.5	4157.3
271.9	3979.9	4403.9	4160	4170.1
273.1	3987.9	4416.4	4172	4181.7
274.4	3999.5	4428.7	4185.3	4194.4
275.5	4012.5	4437.2	4195.8	4205
276.7	4023.4	4445.6	4207.6	4216.6
278	4035.4	4459.7	4219.9	4229
279.3	4046.3	4472.1	4233.1	4241.6
280.3	4059	4482.5	4242.6	4251.1
281.7	4073.3	4497.1	4255.7	4264.5
282.9	4083.4	4509.4	4267.4	4276
284.1	4093.9	4523	4279.1	4287.3
285.4	4110.2	4534.4	4291.6	4299.9
286.7	4124.2	4548.7	4304.5	4312.2
287.9	4135.4	4562.9	4316.4	4323.8
289.2	4145.2	4578.6	4329.5	4336.2
290.6	4166.4	4591.6	4343.9	4349.7
291.9	4179.2	4600.8	4357.4	4362
293.2	4191	4616	4370.5	4374.3
294.6	4204.9	4631.5	4385.9	4388.8
295.8	4217.9	4646.7	4398.7	4402.4
297.2	4228.9	4666.3	4414	4418
298.6	4238.2	4694.4	4428.9	4433.6
299.6	4247.8	4711.7	4439.8	4445.7
301.1	4261	4739.4	4456.6	4464.3
302.4	4271.6	4767.1	4471.6	4480.7
303.8	4278.6	4798.4	4486.7	4498.1
305.3	4294.1	4823.9	4503.8	4516.4
306.8	4307.1	4849.7	4521.7	4535.2
308.2	4317.6	4874.3	4538.2	4552.3
309.6	4329.9	4897.1	4553.9	4569.6
311	4344.1	4917.6	4571	4587.4
312.4	4357.3	4941.9	4588	4605.1
313.9	4368.8	4968.9	4605.9	4624.1
315.2	4383.3	4985.3	4621.4	4640.4
316.7	4397.7	5005.7	4640.5	4659.2
317.9	4407.9	5026	4654.3	4674.2
319.3	4419.3	5047.7	4670.3	4691.3
320.7	4434.4	5062.6	4687.9	4707.8
322.1	4446.7	5081.3	4705	4724.1
323.6	4460	5106.7	4722.5	4741.4
325	4471.8	5128	4739.1	4757.4
326.4	4483.4	5147	4755.7	4773.4
327.7	4492.6	5168.7	4769.9	4787.8
329.1	4502.4	5190.6	4785.8	4803.8
330.6	4517.1	5205.3	4803.4	4820
331.9	4528.1	5221.1	4819.1	4834.3
333.3	4539.1	5238.2	4834.5	4849.9
334.7	4552.6	5257.4	4850.5	4865.3
336.1	4564.8	5273.5	4867	4880.8
337.4	4575.9	5294.9	4881.8	4895.3
338.8	4584.9	5317	4897.1	4910.9
