depth	min	max	median	wmean
15	-57.4	-54.4	-56	-55.9
16.4	-56.4	-53.8	-55.2	-55.2
17.8	-55.8	-52.9	-54.4	-54.4
19.2	-55	-51.6	-53.4	-53.4
20.7	-51.9	-49.4	-50.8	-50.7
22.2	-49.5	-46.7	-48.2	-48.1
23.7	-47.5	-43.6	-45.5	-45.5
25	-44	-40.7	-42.3	-42.3
26.4	-40.1	-37.1	-38.7	-38.6
27.8	-36.8	-33	-34.9	-34.9
29.3	-32.2	-27.6	-29.9	-29.9
30.6	-23.9	-20.1	-22	-22
32.1	-15.8	-10.7	-12.8	-12.9
33.5	-8.9	-1.5	-4.2	-4.4
34.6	-1.4	66.9	18.2	22.9
36.1	2.1	234.8	67.3	83.3
37.6	5.9	403	116.2	144.2
39.2	16.3	566.8	170.4	208.6
40.8	50.2	621.6	242.8	271.9
42.3	73.6	693	306.3	331.6
43.8	91.4	806	363.8	390.9
45.2	137.3	845.2	425.2	448.5
46.7	171.1	894.2	494	510.9
48.3	199.2	985.9	568.3	577.4
49.9	263.4	1048.4	636.5	643.8
51.4	326.8	1082.1	705.5	707.4
52.9	369.5	1132.7	776.9	770.9
54.3	412.4	1193.6	838.4	829.8
55.9	497.4	1222.7	905	896.9
57.5	558.4	1263.4	981.5	963.7
59	598.9	1320.6	1043.6	1026.4
60.4	721	1337.1	1099.8	1083.8
61.9	825.8	1358.9	1162.4	1146.6
63.3	891.5	1395.4	1224.5	1204.2
64.7	985.3	1429.1	1274.8	1257.1
66.2	1130	1452.9	1314.7	1310.3
67.5	1210.1	1485.4	1351.7	1356
68.9	1254	1542	1400.4	1405.7
70.3	1294.6	1592.9	1439.7	1445.7
71.6	1323.3	1671.1	1471.7	1482.1
72.8	1340.9	1761.1	1499.3	1515.6
74.1	1352.4	1856.8	1527.9	1551
75.3	1381.7	1891.4	1567.6	1588.3
76.7	1402.5	1942	1613.5	1632.6
78	1418.4	2004.8	1652.1	1673.5
79.3	1437.5	2073.2	1689.2	1714
80.8	1472.2	2111.6	1740.9	1759.9
82.1	1494.2	2158.5	1784.3	1799.6
83.6	1513.6	2222.8	1830.4	1845.5
85	1558.9	2265.6	1877	1890.2
86.4	1593.7	2308.8	1924.6	1935.1
87.7	1623.4	2360	1967.3	1976.9
89.1	1648.2	2426.2	2012.2	2021.9
90.4	1690.1	2453	2053.5	2061.6
91.7	1725.1	2486.6	2093.9	2101.3
93.2	1754.8	2535.6	2141.5	2146.9
94.6	1795.6	2574.6	2183	2190.1
96	1846.2	2602.3	2230	2234.8
97.4	1882.2	2645.5	2279.5	2279.7
98.6	1907.6	2688.7	2319.7	2318.1
99.3	1928.7	2710.5	2342.1	2339.5
100.9	1980.5	2736.5	2395.6	2387.7
102.4	2020.3	2767	2444.1	2432.8
103.9	2051.4	2809.7	2491.3	2478.2
105.3	2120	2831.6	2536	2522.1
106.8	2177.3	2856.1	2588.2	2568.9
108.3	2219.5	2893.8	2636.1	2616.1
109.7	2280.4	2925.8	2677.4	2660
111.1	2351.3	2946.4	2719.5	2704.6
112.5	2402.7	2971	2764.9	2749.1
114.1	2450	3016	2818.5	2800
115.6	2522.1	3031.2	2854.4	2842.1
117.1	2555	3055.4	2895.1	2885.2
118.6	2586.4	3097.9	2937.2	2928.6
120.1	2616.1	3127.5	2964.1	2956.1
121.8	2648.6	3158.1	2986.9	2980.7
123.1	2671.4	3192.3	3003.8	2999.5
124.5	2699	3223.2	3022.6	3019.3
125.9	2721.1	3240.3	3041.7	3038.5
127.4	2754.8	3266.9	3061	3058.8
129	2794.6	3303.2	3080.2	3080.4
130.4	2820.2	3321.3	3099.6	3099.4
131.8	2841.3	3341.9	3119.4	3118.7
133.2	2862.6	3369.3	3138.4	3137.6
134.5	2881.5	3391.7	3155.8	3155.6
136	2902.7	3413.6	3177.2	3176.5
137.4	2926.3	3435.4	3196.3	3195.7
138.8	2942.1	3457.8	3215.3	3215.3
140.2	2963.1	3477.4	3234.6	3235
141.3	2980.7	3493.9	3249	3250.2
141.9	2987.6	3502.9	3257.2	3258.9
143.2	3000.3	3528.3	3275.6	3277.4
144.4	3015.5	3546.9	3292.3	3294.4
145.6	3034.2	3562.2	3309.2	3311.6
146.8	3052.6	3578.3	3327.4	3328.8
148	3067.6	3597.6	3344.4	3345.9
149.2	3081.2	3621.4	3361	3363.4
150.3	3097.9	3634.2	3376.2	3378.4
151.3	3111.4	3646.9	3390	3392
152.5	3124	3666.1	3406.4	3408.9
153.5	3133.7	3684.5	3420.2	3422.6
154.6	3150.5	3698.9	3435.9	3437.3
155.7	3168.6	3709.3	3450.8	3452.7
156.8	3183.8	3722.1	3466.2	3467.6
157.9	3198.6	3736.1	3481.5	3482.7
159	3211.1	3756.3	3495.4	3497.5
160.3	3234.3	3769.5	3513.8	3515.9
161.4	3246.9	3781.4	3530.2	3531.5
162.5	3259.4	3796.2	3546.8	3547.3
163.6	3274	3813.2	3562.9	3562.9
164.8	3291.8	3826.6	3578.3	3579.3
166	3314.5	3840	3595.5	3596
167.2	3333.9	3853.4	3612.7	3612.7
168.5	3349.5	3873.3	3631.3	3630.9
169.7	3372.3	3888.6	3646.6	3647.6
170.9	3393.1	3900.8	3664.3	3664.3
171.9	3410.4	3913	3678.9	3678.4
173.1	3428.2	3928.8	3695.9	3695.1
174.2	3445	3943.8	3711.3	3710.3
175	3462.4	3952.4	3721.6	3721.1
176.5	3490.2	3969.1	3742.3	3742
177.8	3512.4	3985.8	3760.8	3760
179.2	3534.9	4006.4	3779.3	3779.1
180.6	3569	4021.3	3796.4	3798.5
182	3593.5	4036.6	3815.6	3817.4
183.1	3608.8	4048.5	3832.1	3832.6
184.4	3630.8	4064.4	3849.8	3851
185.6	3656.3	4075.7	3865.5	3867.9
186.9	3678	4088	3882.1	3885.6
188.2	3696.1	4106	3900.2	3904
189.5	3718.1	4120.7	3917.7	3921.8
190.8	3742.5	4130.9	3934.2	3940
192	3760.9	4142	3950.7	3956.9
193.8	3783.2	4169.8	3975	3982.2
195	3797.3	4193.5	3994.1	4000.5
196.3	3810.6	4220.7	4014.6	4020.1
197.6	3822.2	4255.4	4032.6	4039.6
198.9	3829	4301.6	4048.8	4059.1
200.2	3845.4	4325	4068.9	4079.2
201.5	3860.2	4359	4088.4	4099.5
202.7	3869.3	4393.8	4106.3	4117.8
203.9	3879.5	4434.2	4123	4135.8
205.3	3894.1	4460.5	4144.8	4157.4
206.6	3906.1	4484.7	4164.9	4177.6
208	3919.5	4512.2	4185.6	4199.2
209.4	3932.8	4548.1	4206.4	4220.4
210.7	3950	4569.4	4227.4	4240.2
212.1	3964.6	4600.2	4248.8	4261.5
213.5	3978	4632.6	4269.3	4283
214.8	3992.2	4659.8	4289.8	4303.5
216.2	4007.7	4690.6	4313.1	4325.6
217.6	4021.1	4727.7	4336.2	4347.4
218.7	4030.6	4759.9	4353.9	4365.1
219.5	4038.2	4779.2	4367.3	4377.4
220.8	4052.1	4805.6	4387.7	4397.3
222.3	4068.6	4838.8	4412.4	4420.5
223.9	4082	4876.3	4437	4445
225.1	4096.5	4902.3	4457.1	4463
226.4	4110.4	4929.6	4479.5	4482.8
227.6	4120.5	4956	4500.1	4501.2
228.9	4133.1	4982	4520.4	4520.8
230	4146.3	5001.5	4538.9	4537.6
231.2	4157.8	5018.5	4560.8	4556.3
232.5	4169.1	5045.2	4583.1	4576.5
233.7	4182.3	5075.5	4601.4	4595.1
235	4196.6	5098.6	4624.5	4615.2
236.4	4214.4	5125.8	4648.1	4636.2
237.5	4224.5	5149.7	4666.4	4652.7
238.8	4235.5	5178.8	4685.9	4672.6
240	4250.1	5204.4	4709.6	4692
241.3	4266.1	5234.2	4736.9	4713.7
242.6	4280.3	5270.2	4761.1	4735.1
243.8	4292	5304.1	4779.6	4754.2
245.1	4319.2	5329.6	4810.6	4783.4
246.3	4344.7	5353.4	4836.2	4812
247.5	4362	5375	4858.3	4840
248.8	4383.2	5400.9	4883.6	4870.2
250	4408.9	5432.6	4912.6	4900.7
251.4	4442.7	5467.9	4946.5	4936.8
252.6	4463.1	5503.8	4974.8	4967.8
253.8	4478.1	5548.4	5000.5	4998.6
255	4505.4	5576.3	5029.7	5029.7
256.2	4529.8	5607.4	5060.9	5061.3
257.4	4548.1	5638.2	5089.6	5091.8
258.7	4563.5	5679.2	5121.9	5124.9
260.2	4600	5708.8	5160.4	5162.5
261.6	4628.8	5743.3	5195.9	5197.5
262.9	4649.2	5784	5228	5229.6
264.2	4672.2	5825	5260.4	5261.4
265.5	4701.4	5855.2	5295.5	5294.5
266.8	4728.8	5888.4	5329.9	5327.3
268	4752.4	5927.7	5359.6	5357.4
269.2	4771.8	5959.6	5388.4	5386.9
270.6	4810.4	5991.3	5422.7	5421.7
271.9	4837	6024.1	5455.1	5453.5
273.1	4860.2	6056	5485.4	5483.2
274.4	4887.3	6093.8	5517.9	5515.3
275.5	4908.1	6114.9	5547.9	5542.4
276.7	4935.3	6145.7	5576.6	5571.9
278	4962.9	6180.2	5610.5	5603.8
279.3	4987.8	6217.4	5643	5635.9
280.3	5010.3	6237	5669	5660.8
281.7	5038.9	6269.4	5704.4	5695.7
282.9	5061.7	6305.5	5736	5725.9
284.1	5085.1	6342.9	5766.6	5755.8
285.4	5115.6	6368.8	5802.7	5789.2
286.7	5139.9	6397.2	5837.9	5822.2
287.9	5160.3	6434.2	5870.4	5853.1
289.2	5187.7	6473.9	5903.3	5885.7
290.6	5221.6	6493	5937.7	5920.1
291.9	5252.9	6519.5	5971.4	5952.5
293.2	5275.3	6544.3	6004.3	5985.1
294.6	5319.6	6580.8	6045.1	6024.5
295.8	5363.2	6604.4	6084.2	6063.7
297.2	5425.5	6639	6134.8	6109.5
298.6	5474.8	6692.2	6185.2	6156.6
299.6	5534.7	6718.8	6221.9	6195.5
301.1	5631.3	6754.6	6280.4	6258.4
302.4	5697.5	6792.7	6335.4	6312.6
303.8	5749.7	6846.7	6394.8	6370.9
305.3	5846	6880.2	6453.9	6430.6
306.8	5931.4	6911.1	6516.5	6492.2
308.2	5982.2	6951.2	6576.6	6549.9
309.6	6061.7	6993.3	6630.1	6606.1
311	6172.9	7021.8	6679.3	6661.1
312.4	6256.8	7056.8	6732.3	6716.5
313.9	6321.2	7107.9	6791.3	6775.8
315.2	6451.8	7124.3	6834.5	6826.7
316.7	6588	7150.7	6886.4	6885.4
317.9	6674.5	7179.2	6931.8	6933.5
319.3	6765.8	7223.8	6988.2	6994.9
320.7	6899.2	7258.2	7054.9	7074.5
322.1	6958.9	7386	7135.9	7154.4
323.6	6989.5	7586.7	7218.3	7239.2
325	7055.6	7709.4	7319	7336.1
326.4	7099.3	7836.9	7426.5	7440.4
327.7	7130.6	8015.7	7521.3	7537.2
329.1	7163.8	8239.5	7613.8	7639.8
330.6	7266.2	8299.8	7744.5	7757.8
331.9	7320.3	8357.6	7862	7859.8
333.3	7367.4	8455.2	7982.2	7969.6
334.7	7468.6	8552.2	8094.1	8077.9
336.1	7589.7	8578	8218.2	8184.9
337.4	7658.4	8606.9	8348.8	8284.7
338.8	7726.3	8671.3	8510.8	8391.5
