depth	min	max	median	mean
30	-33	-29	-31	-31
30.5	-28	-24	-26	-26
31	-23	-20	-22	-22
31.5	-18	-16	-17	-17
32	-14	-11	-13	-12
32.5	-9	-7	-8	-8
33	-5	-2	-3	-3
33.5	0	2	1	1
34	4	7	6	6
34.5	8	12	10	10
35	13	17	15	15
35.5	17	22	19	19
36	21	27	24	24
36.5	25	31	28	28
37	29	36	33	33
37.5	34	41	37	37
38	38	46	42	42
38.5	42	51	46	46
39	46	56	51	51
39.5	50	61	55	55
40	54	66	60	60
40.5	64	113	86	86
41	68	164	111	113
41.5	72	216	137	139
42	77	268	162	166
42.5	81	320	188	192
43	85	371	213	219
43.5	90	423	239	245
44	94	474	264	272
44.5	98	526	290	298
45	103	578	315	325
45.5	107	629	341	351
46	112	681	366	378
46.5	117	732	392	404
47	122	784	417	431
47.5	126	836	443	457
48	131	887	468	483
48.5	135	939	494	510
49	139	991	519	536
49.5	144	1042	545	563
50	148	1094	570	589
50.5	189	1103	594	612
51	225	1113	620	635
51.5	259	1121	647	658
52	287	1128	669	680
52.5	316	1139	692	703
53	341	1150	716	726
53.5	361	1163	740	748
54	373	1172	765	771
54.5	390	1184	788	794
55	402	1197	813	817
55.5	415	1210	842	839
56	426	1225	868	862
56.5	436	1237	894	885
57	447	1252	922	908
57.5	456	1267	949	930
58	468	1282	976	953
58.5	476	1298	1005	976
59	483	1316	1032	998
59.5	492	1338	1058	1021
60	498	1365	1083	1044
60.5	556	1370	1101	1066
61	612	1375	1120	1087
61.5	670	1379	1140	1109
62	727	1386	1159	1131
62.5	784	1389	1178	1153
63	842	1398	1196	1174
63.5	899	1406	1215	1196
64	955	1414	1233	1218
64.5	1009	1423	1251	1240
65	1064	1434	1270	1261
65.5	1117	1447	1288	1283
66	1166	1460	1305	1305
66.5	1209	1475	1322	1327
67	1257	1489	1341	1348
67.5	1290	1509	1363	1370
68	1305	1535	1385	1392
68.5	1314	1562	1407	1414
69	1320	1597	1427	1435
69.5	1325	1642	1445	1457
70	1329	1692	1464	1479
70.5	1345	1704	1480	1494
71	1356	1722	1498	1510
71.5	1364	1742	1516	1525
72	1371	1764	1532	1541
72.5	1376	1790	1549	1557
73	1382	1812	1564	1572
73.5	1388	1838	1579	1588
74	1394	1875	1593	1603
74.5	1399	1912	1607	1619
75	1404	1948	1621	1634
75.5	1408	1985	1635	1650
76	1412	2026	1647	1665
76.5	1416	2068	1659	1681
77	1419	2109	1672	1696
77.5	1422	2148	1683	1712
78	1425	2189	1696	1727
78.5	1430	2232	1709	1743
79	1433	2271	1721	1758
79.5	1436	2314	1735	1774
80	1438	2358	1748	1789
80.5	1458	2365	1764	1805
81	1477	2370	1782	1820
81.5	1490	2375	1800	1835
82	1501	2383	1818	1850
82.5	1511	2391	1834	1865
83	1521	2397	1851	1880
83.5	1526	2407	1865	1896
84	1537	2418	1882	1911
84.5	1543	2431	1900	1926
85	1551	2441	1919	1941
85.5	1559	2457	1934	1956
86	1566	2466	1952	1971
86.5	1573	2481	1970	1987
87	1582	2499	1985	2002
87.5	1588	2513	2002	2017
88	1595	2535	2017	2032
88.5	1600	2560	2034	2047
89	1606	2576	2050	2063
89.5	1611	2597	2066	2078
90	1615	2626	2082	2093
90.5	1647	2633	2103	2111
91	1676	2636	2120	2129
91.5	1699	2644	2139	2147
92	1718	2649	2157	2165
92.5	1733	2657	2177	2183
93	1752	2664	2197	2200
93.5	1768	2668	2217	2218
94	1787	2676	2238	2236
94.5	1802	2685	2260	2254
95	1813	2693	2280	2272
95.5	1824	2703	2301	2290
96	1840	2719	2323	2308
96.5	1850	2731	2344	2326
97	1858	2741	2363	2344
97.5	1872	2752	2385	2362
98	1886	2768	2405	2380
98.5	1898	2786	2427	2398
99	1906	2798	2445	2415
99.5	1914	2821	2464	2433
100	1924	2849	2484	2451
100.5	1961	2852	2496	2467
101	2002	2855	2510	2482
101.5	2037	2858	2524	2498
102	2070	2863	2538	2514
102.5	2096	2870	2551	2529
103	2126	2873	2566	2545
103.5	2155	2878	2580	2560
104	2188	2886	2594	2576
104.5	2219	2890	2608	2591
105	2245	2899	2623	2607
105.5	2271	2907	2639	2623
106	2293	2915	2653	2638
106.5	2311	2922	2667	2654
107	2333	2929	2683	2669
107.5	2350	2938	2699	2685
108	2368	2947	2715	2701
108.5	2383	2959	2731	2716
109	2399	2972	2746	2732
109.5	2409	2992	2762	2747
110	2424	3007	2778	2763
110.5	2452	3011	2787	2773
111	2478	3014	2797	2783
111.5	2496	3018	2806	2793
112	2514	3023	2816	2803
112.5	2537	3029	2826	2813
113	2555	3034	2834	2823
113.5	2573	3039	2844	2834
114	2601	3046	2852	2844
114.5	2619	3053	2861	2854
115	2648	3060	2869	2864
115.5	2679	3068	2879	2874
116	2696	3075	2887	2884
116.5	2711	3081	2897	2894
117	2723	3092	2905	2904
117.5	2734	3100	2916	2914
118	2745	3111	2926	2925
118.5	2749	3125	2936	2935
119	2753	3138	2946	2945
119.5	2758	3151	2955	2955
120	2762	3168	2965	2965
120.5	2767	3171	2971	2971
121	2771	3176	2976	2976
121.5	2772	3183	2982	2982
122	2775	3187	2988	2988
122.5	2783	3194	2995	2993
123	2794	3202	3001	2999
123.5	2797	3208	3007	3005
124	2798	3213	3013	3010
124.5	2799	3224	3019	3016
125	2802	3232	3025	3022
125.5	2805	3242	3030	3027
126	2814	3253	3035	3033
126.5	2820	3263	3041	3039
127	2824	3272	3046	3044
127.5	2832	3282	3050	3050
128	2838	3293	3055	3056
128.5	2840	3302	3060	3062
129	2843	3316	3065	3067
129.5	2846	3326	3070	3073
130	2849	3340	3076	3079
130.5	2856	3343	3080	3084
131	2862	3346	3086	3090
131.5	2869	3352	3092	3096
132	2876	3355	3097	3102
132.5	2879	3360	3103	3108
133	2884	3365	3110	3114
133.5	2889	3369	3115	3119
134	2895	3374	3121	3125
134.5	2901	3380	3127	3131
135	2903	3384	3133	3137
135.5	2907	3391	3139	3143
136	2911	3399	3145	3149
136.5	2913	3405	3151	3155
137	2916	3410	3157	3160
137.5	2919	3419	3162	3166
138	2921	3429	3168	3172
138.5	2924	3438	3174	3178
139	2927	3446	3179	3184
139.5	2932	3455	3185	3190
140	2935	3462	3190	3195
140.5	2940	3466	3196	3201
141	2945	3469	3203	3206
141.5	2950	3472	3209	3211
142	2957	3476	3214	3217
142.5	2963	3480	3219	3222
143	2969	3485	3225	3227
143.5	2972	3489	3231	3232
144	2976	3495	3237	3238
144.5	2979	3499	3242	3243
145	2983	3505	3247	3248
145.5	2987	3510	3252	3253
146	2990	3515	3258	3259
146.5	2994	3523	3264	3264
147	2997	3527	3269	3269
147.5	3000	3535	3275	3275
148	3004	3544	3280	3280
148.5	3009	3552	3286	3285
149	3013	3559	3291	3290
149.5	3014	3566	3296	3296
150	3017	3575	3301	3301
150.5	3025	3580	3308	3307
151	3033	3584	3313	3312
151.5	3041	3586	3319	3318
152	3050	3590	3324	3323
152.5	3059	3595	3329	3329
153	3064	3599	3335	3335
153.5	3071	3604	3341	3340
154	3077	3607	3347	3346
154.5	3086	3610	3353	3352
155	3090	3617	3358	3357
155.5	3095	3623	3364	3363
156	3099	3629	3369	3368
156.5	3103	3636	3376	3374
157	3107	3644	3383	3380
157.5	3111	3650	3388	3385
158	3113	3658	3393	3391
158.5	3117	3669	3398	3397
159	3122	3677	3404	3402
159.5	3124	3685	3409	3408
160	3127	3691	3415	3413
160.5	3135	3694	3420	3419
161	3144	3697	3425	3425
161.5	3151	3703	3431	3430
162	3156	3706	3436	3436
162.5	3163	3709	3442	3441
163	3169	3712	3448	3447
163.5	3177	3717	3453	3452
164	3181	3723	3459	3458
164.5	3189	3729	3466	3463
165	3195	3733	3471	3469
165.5	3202	3736	3477	3474
166	3206	3740	3482	3480
166.5	3209	3745	3489	3485
167	3212	3751	3494	3491
167.5	3216	3757	3500	3496
168	3218	3763	3505	3502
168.5	3222	3771	3511	3508
169	3224	3779	3517	3513
169.5	3231	3787	3523	3519
170	3235	3793	3528	3524
170.5	3244	3797	3534	3530
171	3253	3801	3539	3535
171.5	3262	3803	3544	3541
172	3271	3805	3549	3546
172.5	3278	3807	3555	3552
173	3286	3810	3560	3557
173.5	3294	3813	3566	3562
174	3303	3815	3572	3568
174.5	3309	3820	3578	3573
175	3316	3824	3583	3579
175.5	3321	3829	3589	3584
176	3328	3834	3594	3590
176.5	3332	3836	3600	3595
177	3338	3841	3606	3601
177.5	3343	3844	3612	3606
178	3347	3852	3619	3612
178.5	3351	3859	3624	3617
179	3354	3867	3630	3623
179.5	3358	3872	3636	3628
180	3361	3877	3642	3634
180.5	3372	3881	3647	3639
181	3384	3884	3652	3645
181.5	3393	3888	3656	3650
182	3401	3891	3661	3656
182.5	3411	3894	3665	3661
183	3419	3897	3670	3667
183.5	3429	3899	3674	3672
184	3438	3901	3679	3678
184.5	3444	3904	3685	3684
185	3451	3907	3690	3689
185.5	3460	3910	3694	3695
186	3467	3914	3699	3700
186.5	3474	3918	3704	3706
187	3478	3922	3709	3711
187.5	3481	3926	3713	3717
188	3486	3928	3718	3722
188.5	3491	3932	3722	3728
189	3494	3940	3727	3733
189.5	3497	3946	3731	3739
190	3501	3951	3736	3744
190.5	3504	3955	3739	3747
191	3507	3958	3741	3750
191.5	3510	3961	3744	3753
192	3513	3967	3747	3756
192.5	3517	3972	3750	3759
193	3521	3975	3753	3761
193.5	3523	3980	3756	3764
194	3527	3986	3759	3767
194.5	3529	3990	3762	3770
195	3532	3996	3764	3773
195.5	3534	4001	3767	3776
196	3537	4007	3770	3779
196.5	3542	4012	3772	3781
197	3544	4018	3774	3784
197.5	3547	4022	3777	3787
198	3550	4030	3780	3790
198.5	3551	4036	3783	3793
199	3553	4040	3786	3796
199.5	3556	4046	3788	3799
200	3559	4050	3790	3801
200.5	3565	4054	3792	3804
201	3567	4057	3795	3807
201.5	3570	4060	3797	3810
202	3576	4067	3799	3812
202.5	3579	4068	3802	3815
203	3584	4072	3804	3818
203.5	3588	4077	3807	3821
204	3593	4083	3810	3823
204.5	3597	4088	3812	3826
205	3599	4092	3815	3829
205.5	3601	4098	3818	3831
206	3602	4105	3820	3834
206.5	3604	4110	3823	3837
207	3607	4115	3825	3840
207.5	3608	4121	3827	3842
208	3612	4126	3829	3845
208.5	3613	4129	3833	3848
209	3614	4134	3835	3851
209.5	3617	4139	3837	3853
210	3619	4145	3840	3856
210.5	3622	4149	3843	3859
211	3625	4154	3845	3861
211.5	3629	4158	3847	3864
212	3631	4163	3850	3867
212.5	3634	4167	3852	3869
213	3638	4169	3855	3872
213.5	3640	4173	3857	3874
214	3644	4176	3860	3877
214.5	3648	4182	3863	3880
215	3651	4187	3866	3882
215.5	3654	4189	3868	3885
216	3656	4192	3871	3888
216.5	3658	4196	3873	3890
217	3660	4202	3876	3893
217.5	3662	4207	3878	3896
218	3666	4212	3880	3898
218.5	3669	4218	3883	3901
219	3671	4225	3885	3903
219.5	3673	4230	3887	3906
220	3674	4235	3890	3909
220.5	3678	4239	3893	3911
221	3682	4242	3896	3914
221.5	3686	4245	3898	3916
222	3689	4247	3900	3919
222.5	3691	4252	3902	3922
223	3693	4256	3905	3924
223.5	3695	4260	3907	3927
224	3698	4264	3909	3929
224.5	3702	4267	3912	3932
225	3704	4270	3913	3934
225.5	3706	4276	3916	3937
226	3710	4282	3918	3940
226.5	3712	4287	3921	3942
227	3714	4291	3923	3945
227.5	3715	4297	3925	3947
228	3717	4302	3928	3950
228.5	3718	4305	3931	3953
229	3720	4309	3933	3955
229.5	3721	4313	3936	3958
230	3723	4318	3938	3960
230.5	3726	4320	3940	3963
231	3729	4325	3943	3966
231.5	3732	4328	3945	3969
232	3736	4332	3947	3971
232.5	3740	4336	3949	3974
233	3743	4341	3951	3977
233.5	3747	4344	3953	3980
234	3750	4348	3955	3983
234.5	3753	4352	3956	3986
235	3756	4357	3958	3988
235.5	3759	4366	3960	3991
236	3762	4369	3961	3994
236.5	3765	4374	3963	3997
237	3769	4376	3965	4000
237.5	3771	4379	3967	4002
238	3773	4382	3968	4005
238.5	3776	4387	3971	4008
239	3778	4394	3972	4011
239.5	3780	4398	3975	4014
240	3785	4403	3977	4016
240.5	3790	4410	3984	4023
241	3795	4417	3991	4029
241.5	3801	4427	3999	4035
242	3807	4441	4007	4041
242.5	3813	4460	4014	4048
243	3817	4470	4021	4054
243.5	3820	4481	4030	4060
244	3825	4493	4037	4066
244.5	3827	4504	4044	4072
245	3832	4518	4050	4079
245.5	3835	4531	4058	4085
246	3838	4543	4063	4091
246.5	3841	4554	4068	4097
247	3844	4574	4074	4104
247.5	3846	4586	4079	4110
248	3849	4597	4084	4116
248.5	3852	4618	4088	4122
249	3855	4633	4093	4128
249.5	3858	4650	4098	4135
250	3861	4674	4103	4141
250.5	3866	4683	4109	4147
251	3870	4690	4114	4154
251.5	3875	4700	4120	4161
252	3878	4717	4127	4167
252.2	3879	4720	4129	4170
252.4	3880	4723	4132	4172
252.6	3882	4725	4134	4175
252.8	3883	4730	4137	4178
253	3884	4734	4139	4180
253.2	3885	4738	4142	4183
253.4	3887	4743	4144	4186
253.6	3889	4748	4146	4188
253.8	3891	4752	4149	4191
254	3893	4757	4151	4194
254.2	3894	4758	4153	4196
254.4	3895	4760	4155	4199
254.6	3896	4763	4158	4201
254.8	3897	4768	4160	4204
255	3898	4773	4162	4207
255.2	3899	4782	4164	4209
255.4	3901	4784	4166	4212
255.6	3902	4790	4169	4215
255.8	3903	4797	4171	4217
256	3904	4803	4172	4220
256.2	3905	4811	4174	4223
256.4	3905	4819	4176	4225
256.6	3906	4824	4178	4228
256.8	3907	4829	4181	4230
257	3908	4834	4183	4233
257.2	3909	4838	4185	4236
257.4	3910	4843	4188	4238
257.6	3911	4849	4190	4241
257.8	3912	4855	4192	4244
258	3913	4859	4193	4246
258.2	3914	4865	4195	4249
258.4	3915	4873	4196	4252
258.6	3916	4879	4199	4254
258.8	3918	4887	4201	4257
259	3919	4893	4203	4259
259.2	3920	4898	4205	4262
259.4	3921	4905	4208	4265
259.6	3922	4912	4210	4267
259.8	3924	4920	4213	4270
260	3925	4928	4216	4273
260.2	3926	4930	4217	4275
260.4	3928	4934	4221	4278
260.6	3932	4936	4223	4281
260.8	3934	4938	4226	4283
261	3936	4940	4229	4286
261.2	3938	4944	4232	4289
261.4	3940	4947	4234	4292
261.6	3942	4955	4236	4294
261.8	3945	4960	4239	4297
262	3946	4963	4242	4300
262.2	3947	4965	4244	4302
262.4	3948	4970	4247	4305
262.6	3951	4977	4249	4308
262.8	3954	4980	4252	4311
263	3956	4984	4255	4313
263.2	3958	4989	4256	4316
263.4	3960	4992	4259	4319
263.6	3961	4993	4261	4321
263.8	3963	4996	4263	4324
264	3966	5002	4266	4327
264.2	3968	5004	4269	4330
264.4	3970	5008	4272	4332
264.6	3970	5016	4275	4335
264.8	3971	5025	4278	4338
265	3972	5031	4281	4340
265.2	3974	5035	4283	4343
265.4	3975	5043	4285	4346
265.6	3976	5050	4288	4349
265.8	3977	5055	4290	4351
266	3978	5064	4292	4354
266.2	3979	5069	4295	4357
266.4	3981	5076	4298	4359
266.6	3984	5082	4300	4362
266.8	3985	5087	4303	4365
267	3987	5094	4306	4368
267.2	3988	5101	4310	4370
267.4	3990	5108	4313	4373
267.6	3992	5112	4316	4376
267.8	3994	5115	4318	4379
268	3995	5119	4321	4381
268.2	3997	5125	4323	4384
268.4	3998	5130	4325	4387
268.6	3999	5133	4327	4389
268.8	4001	5139	4330	4392
269	4003	5143	4332	4395
269.2	4005	5148	4334	4398
269.4	4005	5154	4336	4400
269.6	4006	5158	4338	4403
269.8	4007	5167	4340	4406
270	4008	5177	4342	4408
270.2	4011	5179	4345	4411
270.4	4013	5181	4348	4413
270.6	4017	5186	4350	4416
270.8	4020	5191	4353	4418
271	4023	5195	4356	4421
271.2	4026	5200	4358	4424
271.4	4029	5205	4360	4426
271.6	4031	5207	4362	4429
271.8	4035	5209	4365	4431
272	4037	5214	4367	4434
272.2	4039	5217	4369	4436
272.4	4041	5220	4372	4439
272.6	4044	5223	4374	4441
272.8	4047	5226	4378	4444
273	4049	5229	4379	4446
273.2	4050	5233	4381	4449
273.4	4051	5237	4383	4451
273.6	4053	5240	4386	4454
273.8	4056	5242	4389	4456
274	4058	5245	4393	4459
274.2	4061	5249	4396	4461
274.4	4062	5254	4399	4464
274.6	4064	5259	4401	4466
274.8	4065	5263	4404	4469
275	4067	5265	4407	4472
275.2	4069	5268	4409	4474
275.4	4070	5271	4412	4477
275.6	4071	5274	4414	4479
275.8	4072	5278	4417	4482
276	4074	5280	4419	4484
276.2	4076	5281	4422	4487
276.4	4077	5285	4426	4489
276.6	4079	5289	4429	4492
276.8	4080	5295	4431	4494
277	4081	5299	4433	4497
277.2	4082	5304	4436	4499
277.4	4083	5307	4438	4502
277.6	4084	5311	4440	4504
277.8	4085	5313	4443	4507
278	4087	5316	4447	4509
278.2	4088	5320	4451	4512
278.4	4088	5323	4453	4514
278.6	4089	5326	4455	4517
278.8	4090	5330	4458	4520
279	4091	5332	4461	4522
279.2	4092	5337	4464	4525
279.4	4093	5343	4465	4527
279.6	4094	5345	4467	4530
279.8	4095	5348	4469	4532
280	4095	5355	4471	4535
280.2	4099	5359	4474	4537
280.4	4101	5369	4477	4540
280.6	4103	5372	4480	4543
280.8	4105	5376	4482	4545
281	4106	5380	4485	4548
281.2	4109	5383	4489	4551
281.4	4110	5385	4491	4553
281.6	4113	5387	4493	4556
281.8	4116	5389	4497	4559
282	4118	5395	4501	4561
282.2	4121	5399	4505	4564
282.4	4123	5402	4509	4567
282.6	4126	5403	4512	4569
282.8	4129	5407	4514	4572
283	4131	5411	4517	4575
283.2	4133	5416	4521	4577
283.4	4135	5420	4524	4580
283.6	4138	5424	4527	4583
283.8	4140	5428	4531	4586
284	4142	5434	4534	4588
284.2	4144	5436	4536	4591
284.4	4146	5437	4539	4594
284.6	4147	5440	4542	4596
284.8	4148	5448	4546	4599
285	4150	5456	4548	4602
285.2	4154	5461	4551	4604
285.4	4156	5465	4555	4607
285.6	4159	5469	4556	4610
285.8	4162	5473	4559	4612
286	4163	5478	4562	4615
286.2	4165	5481	4565	4618
286.4	4168	5486	4567	4620
286.6	4170	5491	4571	4623
286.8	4171	5495	4574	4626
287	4173	5500	4576	4628
287.2	4176	5503	4579	4631
287.4	4177	5506	4583	4634
287.6	4180	5511	4585	4636
287.8	4181	5515	4588	4639
288	4183	5520	4591	4642
288.2	4184	5525	4595	4644
288.4	4186	5527	4597	4647
288.6	4189	5531	4600	4650
288.8	4190	5536	4603	4652
289	4192	5541	4606	4655
289.2	4194	5546	4609	4658
289.4	4196	5554	4611	4660
289.6	4197	5558	4614	4663
289.8	4199	5564	4617	4666
290	4201	5569	4619	4668
290.2	4216	5579	4630	4677
290.4	4228	5582	4642	4685
290.6	4240	5590	4652	4694
290.8	4249	5595	4662	4702
291	4261	5601	4675	4711
291.2	4270	5615	4684	4719
291.4	4278	5621	4694	4728
291.6	4286	5631	4704	4736
291.8	4291	5637	4714	4744
292	4298	5642	4724	4753
292.2	4305	5649	4733	4761
292.4	4312	5657	4744	4770
292.6	4319	5664	4755	4778
292.8	4325	5674	4764	4787
293	4329	5680	4771	4795
293.2	4334	5688	4777	4804
293.4	4340	5698	4784	4812
293.6	4343	5705	4789	4820
293.8	4349	5710	4796	4829
294	4353	5716	4803	4837
294.2	4359	5728	4807	4846
294.4	4362	5737	4813	4854
294.6	4366	5747	4819	4863
294.8	4369	5756	4825	4871
295	4373	5774	4831	4880
295.2	4377	5787	4837	4888
295.4	4380	5796	4842	4897
295.6	4384	5805	4848	4905
295.8	4387	5820	4856	4913
296	4391	5836	4862	4922
296.2	4394	5850	4870	4930
296.4	4396	5858	4875	4939
296.6	4398	5877	4882	4947
296.8	4400	5889	4888	4956
297	4402	5909	4895	4964
297.2	4403	5921	4903	4973
297.4	4405	5931	4911	4981
297.6	4406	5938	4918	4989
297.8	4409	5949	4926	4998
298	4411	5968	4934	5006
298.2	4413	5984	4941	5015
298.4	4416	6006	4948	5023
298.6	4418	6022	4956	5032
298.8	4421	6044	4965	5040
299	4423	6061	4974	5049
299.2	4424	6078	4982	5057
299.4	4425	6101	4990	5065
299.6	4426	6126	4997	5074
299.8	4428	6138	5003	5082
300	4429	6151	5011	5091
300.2	4452	6161	5032	5110
300.4	4473	6174	5054	5130
300.6	4498	6185	5074	5149
300.8	4520	6198	5097	5168
301	4542	6210	5119	5188
301.2	4563	6221	5141	5207
301.4	4583	6232	5163	5226
301.6	4600	6242	5186	5246
301.8	4615	6247	5206	5265
302	4634	6257	5227	5284
302.2	4652	6267	5245	5304
302.4	4669	6275	5264	5323
302.6	4688	6286	5282	5342
302.8	4706	6298	5305	5362
303	4723	6310	5328	5381
303.2	4735	6317	5351	5400
303.4	4747	6323	5375	5420
303.6	4760	6336	5396	5439
303.8	4774	6343	5415	5458
304	4788	6355	5437	5478
304.2	4800	6368	5459	5497
304.4	4815	6379	5481	5517
304.6	4830	6394	5505	5536
304.8	4845	6411	5526	5555
305	4861	6429	5548	5575
305.2	4877	6446	5569	5594
305.4	4890	6463	5589	5613
305.6	4904	6477	5612	5633
305.8	4911	6488	5634	5652
306	4921	6501	5655	5671
306.2	4933	6514	5679	5691
306.4	4940	6528	5699	5710
306.6	4951	6542	5717	5729
306.8	4960	6559	5737	5749
307	4967	6579	5757	5768
307.2	4976	6598	5776	5787
307.4	4989	6612	5799	5807
307.6	5000	6627	5821	5826
307.8	5009	6649	5842	5846
308	5018	6663	5864	5865
308.2	5027	6680	5885	5884
308.4	5034	6700	5907	5904
308.6	5041	6722	5925	5923
308.8	5051	6746	5944	5942
309	5058	6764	5964	5962
309.2	5065	6787	5983	5981
309.4	5072	6808	6005	6000
309.6	5080	6834	6024	6020
309.8	5088	6859	6043	6039
310	5095	6884	6063	6058
310.2	5147	6887	6090	6085
310.4	5200	6890	6116	6112
310.6	5254	6895	6144	6139
310.8	5311	6901	6171	6166
311	5366	6909	6197	6193
311.2	5422	6911	6224	6220
311.4	5477	6913	6249	6247
311.6	5533	6918	6276	6274
311.8	5590	6921	6303	6301
312	5643	6924	6329	6328
312.2	5696	6928	6355	6355
312.4	5750	6931	6380	6382
312.6	5802	6937	6408	6409
312.8	5855	6943	6434	6435
313	5909	6948	6461	6462
313.2	5967	6955	6487	6489
313.4	6020	6963	6514	6516
313.6	6075	6970	6541	6543
313.8	6132	6976	6569	6570
314	6184	6985	6597	6597
314.2	6233	6995	6624	6624
314.4	6287	7004	6651	6651
314.6	6336	7013	6678	6678
314.8	6386	7023	6704	6705
315	6437	7032	6730	6732
315.2	6489	7044	6755	6759
315.4	6536	7057	6780	6786
315.6	6583	7069	6805	6813
315.8	6628	7083	6831	6839
316	6669	7096	6857	6866
316.2	6707	7112	6883	6893
316.4	6746	7125	6909	6920
316.6	6784	7141	6935	6947
316.8	6811	7166	6963	6974
317	6826	7204	6989	7001
317.2	6844	7244	7017	7028
317.4	6859	7286	7045	7055
317.6	6871	7329	7075	7082
317.8	6884	7373	7104	7109
318	6893	7417	7133	7136
318.2	6902	7463	7160	7163
318.4	6909	7509	7187	7190
318.6	6915	7554	7214	7216
318.8	6923	7603	7241	7243
319	6931	7652	7267	7270
319.2	6935	7703	7293	7297
319.4	6942	7750	7320	7324
319.6	6948	7802	7348	7351
319.8	6952	7853	7373	7378
320	6956	7906	7400	7405
320.2	6983	7914	7418	7424
320.4	7012	7923	7437	7443
320.6	7040	7932	7456	7461
320.8	7068	7941	7475	7480
321	7094	7949	7495	7499
321.2	7120	7957	7514	7518
321.4	7148	7967	7533	7537
321.6	7174	7977	7553	7556
321.8	7199	7987	7573	7574
322	7229	7998	7592	7593
322.2	7255	8009	7611	7612
322.4	7281	8020	7630	7631
322.6	7307	8031	7649	7650
322.8	7332	8043	7668	7669
323	7357	8054	7687	7687
323.2	7381	8065	7707	7706
323.4	7406	8077	7726	7725
323.6	7431	8088	7745	7744
323.8	7454	8099	7764	7763
324	7478	8110	7783	7781
324.2	7499	8122	7801	7800
324.4	7524	8134	7820	7819
324.6	7546	8145	7839	7838
324.8	7568	8156	7858	7857
325	7587	8165	7877	7876
325.2	7606	8175	7896	7894
325.4	7625	8188	7915	7913
325.6	7643	8200	7935	7932
325.8	7663	8209	7954	7951
326	7681	8222	7974	7970
326.2	7702	8232	7994	7989
326.4	7720	8244	8014	8007
326.6	7736	8257	8034	8026
326.8	7750	8269	8054	8045
327	7763	8282	8073	8064
327.2	7779	8296	8093	8083
327.4	7794	8309	8113	8101
327.6	7812	8324	8131	8120
327.8	7827	8338	8152	8139
328	7842	8354	8173	8158
328.2	7857	8369	8193	8177
328.4	7870	8386	8212	8196
328.6	7884	8403	8232	8214
328.8	7898	8420	8252	8233
329	7912	8438	8272	8252
329.2	7928	8456	8293	8271
329.4	7943	8476	8313	8290
329.6	7952	8497	8333	8309
329.8	7964	8519	8353	8327
330	7973	8541	8372	8346
330.2	7983	8542	8375	8351
330.4	7988	8544	8379	8355
330.6	7993	8545	8383	8359
330.8	7996	8547	8387	8364
331	8001	8548	8391	8368
331.2	8010	8549	8395	8373
331.4	8022	8551	8398	8377
331.6	8034	8552	8402	8382
331.8	8040	8555	8406	8386
332	8043	8556	8409	8390
332.2	8049	8558	8413	8395
332.4	8056	8561	8416	8399
332.6	8063	8564	8420	8404
332.8	8068	8565	8424	8408
333	8075	8567	8428	8412
333.2	8083	8570	8431	8417
333.4	8088	8572	8435	8421
333.6	8093	8575	8439	8426
333.8	8101	8577	8442	8430
334	8104	8579	8447	8435
334.2	8111	8581	8451	8439
334.4	8117	8584	8455	8443
334.6	8123	8587	8460	8448
334.8	8127	8591	8464	8452
335	8133	8595	8469	8457
335.2	8138	8599	8473	8461
335.4	8145	8604	8477	8465
335.6	8154	8611	8482	8470
335.8	8161	8617	8486	8474
336	8169	8624	8490	8479
336.2	8177	8629	8494	8483
336.4	8185	8636	8498	8488
336.6	8192	8644	8502	8492
336.8	8197	8650	8506	8496
337	8197	8657	8511	8501
337.2	8199	8665	8514	8505
337.4	8205	8673	8518	8510
337.6	8210	8681	8522	8514
337.8	8212	8690	8527	8519
338	8218	8698	8530	8523
338.2	8223	8707	8534	8527
338.4	8229	8716	8538	8532
338.6	8232	8725	8541	8536
338.8	8238	8737	8545	8541
339	8244	8749	8549	8545
339.2	8246	8757	8552	8549
339.4	8249	8766	8556	8554
339.6	8251	8777	8559	8558
339.8	8257	8789	8563	8563
340	8257	8800	8567	8567
340.2	8261	8801	8569	8570
340.4	8268	8802	8572	8572
340.6	8273	8804	8574	8575
340.8	8277	8806	8577	8577
341	8278	8808	8579	8580
341.2	8282	8811	8582	8582
341.4	8284	8814	8584	8585
341.6	8289	8815	8587	8587
341.8	8293	8818	8590	8590
342	8295	8820	8592	8592
342.2	8298	8823	8595	8595
342.4	8302	8825	8598	8597
342.6	8304	8827	8601	8600
342.8	8306	8830	8603	8602
343	8310	8833	8606	8605
343.2	8313	8834	8609	8607
343.4	8317	8837	8611	8610
343.6	8320	8840	8614	8612
343.8	8324	8842	8616	8615
344	8325	8843	8618	8617
344.2	8327	8846	8621	8620
344.4	8329	8850	8624	8622
344.6	8330	8853	8626	8625
344.8	8334	8856	8629	8627
345	8339	8858	8632	8630
345.2	8342	8863	8634	8632
345.4	8346	8866	8636	8635
345.6	8349	8870	8638	8637
345.8	8352	8873	8641	8640
346	8356	8877	8644	8642
346.2	8361	8881	8646	8645
346.4	8363	8885	8648	8647
346.6	8365	8888	8651	8650
346.8	8369	8892	8653	8652
347	8371	8897	8655	8655
347.2	8373	8901	8658	8657
347.4	8375	8904	8660	8660
347.6	8376	8907	8663	8662
347.8	8377	8909	8665	8665
348	8382	8913	8667	8667
348.2	8384	8916	8669	8669
348.4	8388	8919	8672	8672
348.6	8389	8924	8674	8674
348.8	8390	8927	8677	8677
349	8392	8931	8679	8679
349.2	8397	8935	8681	8682
349.4	8403	8940	8684	8684
349.6	8405	8946	8686	8687
349.8	8409	8950	8688	8689
350	8410	8954	8691	8692
350.2	8412	8956	8693	8694
350.4	8415	8958	8696	8697
350.6	8417	8961	8698	8699
350.8	8418	8963	8700	8702
351	8421	8965	8703	8704
351.2	8423	8968	8705	8707
351.4	8428	8971	8708	8709
351.6	8430	8973	8710	8712
351.8	8435	8974	8713	8714
352	8436	8976	8716	8716
352.2	8437	8980	8718	8719
352.4	8440	8983	8721	8721
352.6	8445	8987	8723	8724
352.8	8448	8989	8726	8726
353	8449	8991	8729	8729
353.2	8453	8992	8732	8731
353.4	8456	8996	8734	8734
353.6	8458	8998	8737	8736
353.8	8461	8999	8739	8738
354	8465	9002	8742	8741
354.2	8470	9004	8745	8743
354.4	8472	9006	8748	8746
354.6	8477	9007	8750	8748
354.8	8480	9008	8752	8751
355	8482	9010	8755	8753
355.2	8487	9013	8757	8756
355.4	8489	9016	8760	8758
355.6	8490	9018	8762	8760
355.8	8492	9020	8765	8763
356	8495	9023	8767	8765
356.2	8499	9026	8769	8768
356.4	8501	9029	8772	8770
356.6	8503	9031	8774	8773
356.8	8504	9036	8777	8775
357	8506	9038	8780	8778
357.2	8507	9041	8783	8780
357.4	8509	9043	8785	8782
357.6	8510	9045	8787	8785
357.8	8512	9050	8790	8787
358	8514	9054	8792	8790
358.2	8516	9059	8795	8792
358.4	8521	9063	8797	8795
358.6	8523	9068	8799	8797
358.8	8524	9071	8802	8800
359	8525	9075	8805	8802
359.2	8527	9079	8806	8804
359.4	8531	9082	8809	8807
359.6	8533	9086	8811	8809
359.8	8535	9090	8813	8812
360	8538	9094	8816	8814
360.2	8541	9095	8819	8817
360.4	8545	9096	8821	8819
360.6	8546	9098	8823	8822
360.8	8547	9100	8826	8824
361	8550	9102	8829	8827
361.2	8555	9104	8831	8829
361.4	8558	9106	8834	8832
361.6	8563	9109	8836	8834
361.8	8568	9111	8839	8836
362	8573	9113	8842	8839
362.2	8576	9115	8844	8841
362.4	8579	9116	8847	8844
362.6	8580	9117	8849	8846
362.8	8582	9120	8851	8849
363	8587	9122	8853	8851
363.2	8590	9124	8855	8854
363.4	8591	9126	8858	8856
363.6	8592	9128	8860	8859
363.8	8593	9131	8863	8861
364	8595	9133	8865	8864
364.2	8597	9136	8868	8866
364.4	8602	9138	8870	8868
364.6	8606	9140	8872	8871
364.8	8609	9141	8875	8873
365	8610	9145	8877	8876
365.2	8611	9148	8880	8878
365.4	8613	9150	8882	8881
365.6	8615	9153	8885	8883
365.8	8617	9154	8888	8886
366	8619	9157	8890	8888
366.2	8621	9160	8892	8891
366.4	8623	9161	8895	8893
366.6	8625	9165	8899	8896
366.8	8626	9168	8902	8898
367	8628	9172	8904	8901
367.2	8630	9175	8907	8903
367.4	8631	9179	8909	8905
367.6	8632	9180	8911	8908
367.8	8634	9183	8913	8910
368	8635	9186	8915	8913
368.2	8636	9188	8917	8915
368.4	8640	9192	8920	8918
368.6	8642	9195	8922	8920
368.8	8643	9199	8925	8923
369	8645	9200	8927	8925
369.2	8647	9202	8930	8928
369.4	8648	9204	8932	8930
369.6	8650	9206	8934	8933
369.8	8652	9209	8937	8935
370	8654	9211	8940	8938
370.2	8659	9214	8942	8940
370.4	8663	9215	8944	8943
370.6	8666	9217	8947	8945
370.8	8670	9218	8949	8948
371	8675	9220	8952	8950
371.2	8678	9221	8954	8953
371.4	8680	9222	8957	8955
371.6	8684	9226	8959	8958
371.8	8689	9229	8961	8960
372	8692	9231	8963	8963
372.2	8697	9232	8966	8966
372.4	8701	9234	8968	8968
372.6	8706	9236	8970	8971
372.8	8709	9238	8973	8973
373	8711	9241	8975	8976
373.2	8717	9242	8978	8978
373.4	8720	9244	8980	8981
373.6	8724	9247	8982	8983
373.8	8727	9250	8984	8986
374	8731	9254	8986	8988
374.2	8735	9257	8988	8991
374.4	8738	9260	8990	8993
374.6	8741	9261	8992	8996
374.8	8745	9262	8995	8999
375	8748	9265	8997	9001
375.2	8751	9266	8999	9004
375.4	8754	9267	9002	9006
375.6	8757	9270	9004	9009
375.8	8759	9273	9007	9011
376	8761	9275	9009	9014
376.2	8764	9278	9011	9016
376.4	8767	9282	9013	9019
376.6	8770	9285	9015	9021
376.8	8772	9287	9018	9024
377	8774	9289	9020	9027
377.2	8776	9291	9023	9029
377.4	8778	9293	9025	9032
377.6	8781	9296	9028	9034
377.8	8783	9299	9032	9037
378	8785	9301	9035	9039
378.2	8787	9303	9039	9042
378.4	8789	9307	9041	9044
378.6	8791	9311	9044	9047
378.8	8793	9316	9047	9049
379	8795	9321	9050	9052
379.2	8797	9324	9053	9055
