depth	min	max	median	mean
5	-66.93	-57.49	-63.73	-63.39
5.1	-66.12	-56.51	-62.56	-62.29
5.2	-65.63	-54.86	-61.48	-61.19
5.3	-65.26	-52.76	-60.43	-60.09
5.4	-65.01	-50.3	-59.44	-58.98
5.5	-64.78	-47.48	-58.52	-57.88
5.6	-64.56	-44.6	-57.58	-56.78
5.7	-64.37	-41.83	-56.62	-55.68
5.8	-64.16	-38.84	-55.68	-54.58
5.9	-63.96	-35.9	-54.74	-53.47
6	-63.82	-32.8	-53.85	-52.37
6.1	-63.64	-29.8	-52.94	-51.27
6.2	-63.51	-26.73	-52.01	-50.17
6.3	-63.37	-23.73	-51.1	-49.06
6.4	-63.23	-20.51	-50.14	-47.96
6.5	-63.12	-17.34	-49.21	-46.86
6.6	-62.92	-14.24	-48.28	-45.76
6.7	-62.82	-11.13	-47.34	-44.66
6.8	-62.72	-8.08	-46.38	-43.55
6.9	-62.61	-5.04	-45.53	-42.45
7	-62.47	-2.05	-44.56	-41.35
7.1	-62.39	1.06	-43.65	-40.25
7.2	-62.29	4.11	-42.73	-39.14
7.3	-62.18	7.21	-41.81	-38.04
7.4	-62.06	10.33	-40.89	-36.94
7.5	-61.95	13.45	-39.94	-35.84
7.6	-61.81	16.57	-39.04	-34.74
7.7	-61.7	19.68	-38.11	-33.63
7.8	-61.61	22.8	-37.17	-32.53
7.9	-61.49	25.92	-36.28	-31.43
8	-61.38	29.04	-35.38	-30.33
8.1	-61.26	32.16	-34.41	-29.23
8.2	-61.15	35.22	-33.42	-28.12
8.3	-61.02	38.2	-32.48	-27.02
8.4	-60.93	41.03	-31.52	-25.92
8.5	-60.88	44.13	-30.54	-24.82
8.6	-60.77	47.19	-29.57	-23.71
8.7	-60.67	50.32	-28.65	-22.61
8.8	-60.56	53.45	-27.71	-21.51
8.9	-60.43	56.58	-26.78	-20.41
9	-60.31	59.71	-25.84	-19.31
9.1	-60.18	62.84	-24.9	-18.2
9.2	-60.1	65.97	-24	-17.1
9.3	-60.02	69.1	-23.08	-16
9.4	-59.91	72.23	-22.17	-14.9
9.5	-59.82	75.36	-21.23	-13.79
9.6	-59.73	78.49	-20.28	-12.69
9.7	-59.64	81.63	-19.33	-11.59
9.8	-59.56	84.76	-18.35	-10.49
9.9	-59.49	87.89	-17.39	-9.39
10	-59.42	90.97	-16.43	-8.28
10.1	-57.96	91.35	-15.65	-7.13
10.2	-56.64	91.71	-14.43	-5.98
10.3	-55.76	92.61	-13.36	-4.83
10.4	-54.93	93.32	-12.14	-3.68
10.5	-54.25	94.09	-10.8	-2.52
10.6	-53.72	95.01	-9.52	-1.37
10.7	-53.17	95.58	-8.09	-0.22
10.8	-52.74	96.14	-6.79	0.93
10.9	-52.34	97.27	-5.54	2.08
11	-51.86	98.32	-4.35	3.23
11.1	-51.23	99.21	-3.07	4.39
11.2	-50.7	99.93	-1.35	5.54
11.3	-50.08	101.13	0.05	6.69
11.4	-49.56	101.9	1.28	7.84
11.5	-49.05	103.02	2.53	8.99
11.6	-48.72	104.32	3.96	10.14
11.7	-48.28	106.51	5.36	11.3
11.8	-47.92	107.09	6.61	12.45
11.9	-47.49	107.61	7.84	13.6
12	-47.1	109.08	9.31	14.75
12.1	-46.48	110.42	10.66	15.9
12.2	-46.2	111.27	11.91	17.06
12.3	-45.67	112.51	13.2	18.21
12.4	-45.24	113.24	14.23	19.36
12.5	-44.69	114.69	15.3	20.51
12.6	-44.5	115.56	16.45	21.66
12.7	-44.02	116.75	17.79	22.81
12.8	-43.64	119.35	19.08	23.97
12.9	-43.31	121.18	19.91	25.12
13	-43.07	123.3	21.25	26.27
13.1	-42.94	124.5	22.3	27.42
13.2	-42.81	126.37	23.38	28.57
13.3	-42.63	129.09	24.45	29.72
13.4	-42.38	129.97	25.69	30.88
13.5	-42.13	131.85	26.71	32.03
13.6	-41.97	134.41	28.03	33.18
13.7	-41.78	136.19	29.12	34.33
13.8	-41.42	138.32	30.05	35.48
13.9	-41.13	140.34	31.07	36.64
14	-40.76	142.88	32.15	37.79
14.1	-40.55	145.2	33.48	38.94
14.2	-40.17	148.3	34.55	40.09
14.3	-39.81	150.14	35.72	41.24
14.4	-39.53	152.23	36.91	42.39
14.5	-39.35	155.01	38.18	43.55
14.6	-39.15	157.94	39.09	44.7
14.7	-38.92	159.92	40.21	45.85
14.8	-38.68	162.8	41.23	47
14.9	-38.39	165.86	42.32	48.15
15	-38.19	168.8	43.44	49.3
15.1	-36.63	169.42	44.8	50.53
15.2	-35.21	170.22	45.92	51.75
15.3	-34.03	170.47	47.12	52.97
15.4	-32.6	171.41	48.36	54.19
15.5	-30.72	172.06	49.74	55.42
15.6	-29.35	173.24	50.84	56.64
15.7	-27.86	173.76	52.11	57.86
15.8	-26.61	174.55	53.37	59.08
15.9	-25.43	174.86	54.6	60.31
16	-24.34	175.17	56.04	61.53
16.1	-23.29	175.63	57.48	62.75
16.2	-22.06	175.88	58.5	63.98
16.3	-21.32	176.91	59.88	65.2
16.4	-20.04	177.2	61.42	66.42
16.5	-18.92	178.04	63.18	67.64
16.6	-17.85	178.81	64.86	68.87
16.7	-16.66	179.87	66.32	70.09
16.8	-15.97	180.56	67.95	71.31
16.9	-14.69	180.95	69.22	72.53
17	-13.89	181.88	70.41	73.76
17.1	-13.32	182.86	71.64	74.98
17.2	-12.88	183.68	73.15	76.2
17.3	-12.1	184.87	74.68	77.42
17.4	-11.25	185.86	76.52	78.65
17.5	-10.52	186.37	78.1	79.87
17.6	-10.14	187.27	79.69	81.09
17.7	-9.64	188.65	81.11	82.31
17.8	-9.3	189.35	82.43	83.54
17.9	-8.51	190.04	83.79	84.76
18	-8.04	191.16	85.27	85.98
18.1	-7.69	192.29	86.6	87.2
18.2	-7.34	193.2	87.94	88.43
18.3	-6.64	193.95	89.28	89.65
18.4	-6.15	195.03	90.7	90.87
18.5	-5.49	195.97	91.91	92.09
18.6	-4.65	197.03	93.27	93.32
18.7	-4.25	198.39	94.73	94.54
18.8	-3.83	199.2	96.05	95.76
18.9	-3.27	200.62	97.21	96.98
19	-2.74	201.72	98.64	98.21
19.1	-2.37	203.36	99.86	99.43
19.2	-2.08	205.09	101.11	100.65
19.3	-1.68	206.61	102.35	101.87
19.4	-1.39	207.94	103.47	103.1
19.5	-0.98	210.07	104.85	104.32
19.6	-0.58	211.89	106.27	105.54
19.7	-0.27	213.66	107.45	106.76
19.8	0.18	215.47	108.81	107.99
19.9	0.63	216.17	109.89	109.21
20	1.05	217.63	110.83	110.43
20.1	2.64	218.01	112.12	111.63
20.2	3.99	218.4	113.28	112.82
20.3	5.64	218.68	114.82	114.02
20.4	6.87	219.35	115.95	115.21
20.5	8.39	220.08	116.79	116.4
20.6	10.04	220.78	118.3	117.6
20.7	11.15	221.43	119.65	118.79
20.8	11.76	221.64	121.29	119.99
20.9	13.67	222.07	122.7	121.18
21	14.2	222.77	124.45	122.38
21.1	15.22	223.03	126.27	123.57
21.2	16.45	223.3	127.35	124.77
21.3	17.48	223.55	128.72	125.96
21.4	18.42	224.12	130.31	127.16
21.5	19.27	224.77	131.76	128.35
21.6	20.19	225.6	133.06	129.54
21.7	21.1	225.97	134.48	130.74
21.8	21.63	226.23	135.57	131.93
21.9	22.46	226.53	136.86	133.13
22	23.56	226.96	138.28	134.32
22.1	23.8	227.52	139.71	135.52
22.2	24.45	228.33	141.47	136.71
22.3	25.18	229	143.19	137.91
22.4	25.64	229.69	144.5	139.1
22.5	27.16	230.37	145.96	140.3
22.6	27.85	231.12	147.82	141.49
22.7	28.62	232.5	149.52	142.68
22.8	29.07	233.25	150.72	143.88
22.9	30.38	234.06	152.09	145.07
23	30.7	234.86	153.61	146.27
23.1	30.76	235.87	155.12	147.46
23.2	31.54	236.77	156.82	148.66
23.3	31.79	237.29	158.38	149.85
23.4	32.48	238.15	159.64	151.05
23.5	33.25	238.88	161.1	152.24
23.6	34.05	240.11	162.79	153.44
23.7	34.83	241.25	164.25	154.63
23.8	35.61	242.21	165.89	155.82
23.9	36.15	243.39	167.11	157.02
24	36.43	244.06	168.33	158.21
24.1	36.91	245.11	169.77	159.41
24.2	37.95	245.97	171.04	160.6
24.3	38.57	246.94	172.53	161.8
24.4	39.26	248.35	173.63	162.99
24.5	39.98	250.09	174.89	164.19
24.6	40.87	251.63	176.21	165.38
24.7	41.35	253.14	177.45	166.58
24.8	42.03	254.53	178.69	167.77
24.9	42.8	255.96	179.79	168.96
25	43.18	257.31	181.11	170.16
25.1	45.31	257.65	182.46	171.38
25.2	47.02	258.25	183.74	172.59
25.3	48.76	258.51	184.92	173.81
25.4	50.93	258.99	186.23	175.02
25.5	52.44	259.55	187.33	176.24
25.6	53.94	259.82	188.55	177.46
25.7	55.42	260.05	189.78	178.67
25.8	56.96	260.53	191.09	179.89
25.9	58.43	260.88	192.41	181.11
26	59.93	261.52	193.61	182.32
26.1	61.54	261.66	194.67	183.54
26.2	62.78	262.46	195.96	184.75
26.3	63.78	262.59	197.13	185.97
26.4	64.34	262.95	198.48	187.19
26.5	65.34	263.57	199.69	188.4
26.6	66.19	263.64	200.85	189.62
26.7	66.49	263.89	202.21	190.83
26.8	67.35	264.1	203.3	192.05
26.9	68.38	264.74	204.67	193.27
27	69.61	265.71	205.93	194.48
27.1	70.47	266.21	206.91	195.7
27.2	71.36	266.65	208.27	196.92
27.3	72.37	267.02	209.56	198.13
27.4	73.08	267.35	210.86	199.35
27.5	73.76	267.75	211.97	200.56
27.6	75.2	268.12	213.18	201.78
27.7	76.53	268.47	214.56	203
27.8	77.05	268.95	215.72	204.21
27.9	77.93	269.54	217.05	205.43
28	78.81	270.1	218.37	206.65
28.1	80.2	270.71	219.55	207.86
28.2	81.32	271.57	220.91	209.08
28.3	82.01	272.03	222.02	210.29
28.4	82.61	273.11	223.18	211.51
28.5	83.62	273.44	224.33	212.73
28.6	84.63	274.91	225.64	213.94
28.7	85.81	276.23	226.91	215.16
28.8	86.28	277.87	228.27	216.37
28.9	87.67	278.69	229.57	217.59
29	88	279.54	230.9	218.81
29.1	89.03	280.99	232.12	220.02
29.2	89.63	281.96	233.43	221.24
29.3	90.48	283.27	234.87	222.46
29.4	91.09	285.29	236.14	223.67
29.5	92.24	286.72	237.27	224.89
29.6	93.74	288.24	238.52	226.1
29.7	94.19	289.58	239.77	227.32
29.8	94.48	291.01	240.93	228.54
29.9	95.16	292.65	242.34	229.75
30	96.13	295.35	243.53	230.97
30.1	99.25	298.96	245.92	233.42
30.2	101.82	301.73	248.59	235.87
30.3	104.08	304.54	250.96	238.32
30.4	105.21	307.37	253.08	240.77
30.5	107.38	310.49	255.27	243.22
30.6	109.3	316.35	257.43	245.67
30.7	110.72	322.1	259.2	248.12
30.8	112.37	325.76	261.05	250.57
30.9	114.22	331.61	263.22	253.02
31	115.59	336.68	265.19	255.47
31.1	117.3	341.05	267.11	257.92
31.2	119.19	347.43	268.92	260.37
31.3	119.78	354.2	271.04	262.82
31.4	121.74	360.59	272.91	265.27
31.5	123.17	367.71	274.96	267.72
31.6	124.94	373.76	276.83	270.17
31.7	126.23	380.64	279.15	272.62
31.8	127.72	387.73	281.01	275.07
31.9	129.19	393.55	282.97	277.52
32	130.01	400.72	284.74	279.97
32.1	130.84	408.16	286.53	282.42
32.2	131.3	413.49	288.23	284.86
32.3	132.11	419.83	290.14	287.31
32.4	133.5	425.46	291.95	289.76
32.5	134.27	430.85	293.75	292.21
32.6	135.41	436.12	295.54	294.66
32.7	136.28	439.61	297.55	297.11
32.8	137.14	445.68	299.4	299.56
32.9	138.35	449.1	301.39	302.01
33	140.05	455.02	303.26	304.46
33.1	140.95	461.05	305.43	306.91
33.2	141.84	466.33	307.21	309.36
33.3	142.31	473.02	309.19	311.81
33.4	143.45	479.14	311.28	314.26
33.5	144.49	483.5	313.15	316.71
33.6	145.53	488.48	314.82	319.16
33.7	146.86	494.21	316.8	321.61
33.8	148.07	500.49	318.76	324.06
33.9	149.12	506.33	320.86	326.51
34	150.18	512.72	322.71	328.96
34.1	151.45	517.19	324.26	331.41
34.2	152.4	523.38	326.14	333.86
34.3	153.5	529.58	327.82	336.31
34.4	154.39	535.47	329.57	338.76
34.5	155.44	541.94	331.4	341.21
34.6	156.45	549.08	333.39	343.66
34.7	157.18	555.57	335.55	346.11
34.8	158.42	562.57	337.13	348.56
34.9	158.92	569.71	338.79	351.01
35	160.35	576.17	340.86	353.46
35.1	162.26	577.53	343.5	355.98
35.2	165.69	578.85	346.01	358.5
35.3	168.72	581.72	348.42	361.02
35.4	171.98	582.75	351.53	363.54
35.5	175.96	584.38	353.96	366.05
35.6	180.01	585.72	356.65	368.57
35.7	182.76	588.27	359.25	371.09
35.8	184.89	588.98	362.23	373.61
35.9	189.65	590.66	365.53	376.13
36	192.2	592.52	368.38	378.65
36.1	195.13	595.39	371.31	381.17
36.2	197.62	599.35	374.19	383.69
36.3	199.27	602.12	376.75	386.21
36.4	201.85	604.23	379.59	388.73
36.5	203.46	605.45	382.51	391.25
36.6	205.28	608.45	385.84	393.77
36.7	208.48	611.08	388.14	396.28
36.8	211.8	614.41	390.65	398.8
36.9	214.17	615.23	393.54	401.32
37	215.95	620.76	396.36	403.84
37.1	217.72	622	399.63	406.36
37.2	219.48	623.46	402.54	408.88
37.3	221.27	626.34	405.14	411.4
37.4	223.3	629.86	407.85	413.92
37.5	224.1	631.36	410.35	416.44
37.6	225.11	632.85	412.95	418.96
37.7	226.85	635.55	415.75	421.48
37.8	227.36	639.38	418.81	424
37.9	228.06	641.88	421.88	426.51
38	228.61	645.49	424.29	429.03
38.1	230.52	649.13	427	431.55
38.2	231.95	652.69	429.89	434.07
38.3	233.33	654.18	432.53	436.59
38.4	235.51	659.02	435.48	439.11
38.5	237.72	662.38	437.96	441.63
38.6	239.76	666.21	440.32	444.15
38.7	241.45	669.23	442.93	446.67
38.8	242.38	673.89	445.5	449.19
38.9	244.23	678.1	448.22	451.71
39	245.96	680.04	450.7	454.23
39.1	248.69	683.04	453.37	456.74
39.2	249.73	685.29	456.09	459.26
39.3	250.81	689.31	458.8	461.78
39.4	251.57	693.92	460.77	464.3
39.5	251.72	697.26	463.24	466.82
39.6	252.86	700.19	465.49	469.34
39.7	254.15	703.87	467.84	471.86
39.8	254.33	707.16	470.36	474.38
39.9	254.51	711.82	472.58	476.9
40	256.3	715.85	474.68	479.42
40.1	261.65	716.48	477.86	481.93
40.2	265.37	718.04	480.77	484.44
40.3	267.41	718.77	483.61	486.95
40.4	272.05	720.68	486.4	489.47
40.5	273.99	722.12	489.21	491.98
40.6	275.61	723.73	491.72	494.49
40.7	278.29	724.91	494.42	497
40.8	280.65	726.69	496.99	499.52
40.9	283.18	728.8	499.19	502.03
41	286.2	730.91	501.72	504.54
41.1	288.84	732.74	504.11	507.05
41.2	291.78	735.84	506.66	509.57
41.3	293.62	737.56	509.59	512.08
41.4	296.92	738.72	512.79	514.59
41.5	299.81	740.73	515.3	517.1
41.6	303.86	742.84	517.95	519.62
41.7	305.94	745.99	520.72	522.13
41.8	308.48	747.37	523.31	524.64
41.9	310.52	748.28	525.56	527.15
42	311.73	750.95	528.26	529.67
42.1	313.41	752.51	531.67	532.18
42.2	315.6	754.95	534.09	534.69
42.3	318.4	756.45	536.88	537.2
42.4	320.31	759.11	539.06	539.71
42.5	322.27	761.48	541.37	542.23
42.6	323.82	764.59	543.93	544.74
42.7	325.08	768.03	546.67	547.25
42.8	326.26	771.07	549.26	549.76
42.9	327.88	775.73	551.85	552.28
43	328.86	780.18	554.8	554.79
43.1	330.97	782.3	557.11	557.3
43.2	332.35	785.03	559.88	559.81
43.3	335.07	790.18	562.53	562.33
43.4	337.22	794.66	565.32	564.84
43.5	339.15	795.37	568.03	567.35
43.6	339.74	799.01	570.77	569.86
43.7	342.11	803.53	573.44	572.38
43.8	344.15	807.82	575.97	574.89
43.9	346.24	811.18	577.86	577.4
44	348.53	814.83	580.66	579.91
44.1	350.58	818.19	583.01	582.43
44.2	351.01	822.54	585.3	584.94
44.3	352.8	826.77	587.46	587.45
44.4	353.18	831.46	589.34	589.96
44.5	354.48	835.84	591.66	592.48
44.6	354.72	840.15	594.19	594.99
44.7	356.41	844.41	596.26	597.5
44.8	358.28	849	599.07	600.01
44.9	360.29	855.02	601.88	602.53
45	362.01	857.55	604.39	605.04
45.1	365.66	860.02	607.29	607.84
45.2	371.06	861.44	610.13	610.65
45.3	375.2	862.8	613.38	613.45
45.4	378.05	863.66	615.65	616.25
45.5	382.19	864.53	619.15	619.06
45.6	385.83	865.39	622.54	621.86
45.7	389.01	866.14	624.97	624.67
45.8	392.98	867.37	627.69	627.47
45.9	397.46	868.29	630.16	630.28
46	400.96	870.84	633.17	633.08
46.1	404.04	872.81	635.69	635.88
46.2	406.63	873.98	639.14	638.69
46.3	410.71	875.71	642.19	641.49
46.4	415.06	879.74	645.09	644.3
46.5	418.68	882.24	648.54	647.1
46.6	421.52	883.57	651.19	649.91
46.7	424.77	886.34	654.45	652.71
46.8	428.28	889	657.91	655.51
46.9	431.62	889.92	660.28	658.32
47	434.12	891.26	662.76	661.12
47.1	436.05	892.48	665.47	663.93
47.2	437.98	894	668.39	666.73
47.3	441.89	894.87	670.96	669.54
47.4	443.48	896.32	674.13	672.34
47.5	446	898.6	677.57	675.14
47.6	448.67	900.82	680.27	677.95
47.7	450.26	902.93	683.65	680.75
47.8	453.03	905.65	686.73	683.56
47.9	454.42	908.37	690.19	686.36
48	456.35	911.07	693.21	689.17
48.1	457.95	913.33	696.36	691.97
48.2	460.13	916.06	699.4	694.78
48.3	461.61	918.79	702.87	697.58
48.4	463.49	920.63	705.73	700.38
48.5	465.83	922.59	708.39	703.19
48.6	467.36	925.86	711.69	705.99
48.7	469.67	928.03	714.07	708.8
48.8	472.82	930.34	717.26	711.6
48.9	474.03	931.53	720.1	714.41
49	474.67	934.23	723.06	717.21
49.1	476.49	937.09	725.99	720.01
49.2	477.78	941.5	728.63	722.82
49.3	479.36	944.47	731.52	725.62
49.4	481.09	946.83	734.24	728.43
49.5	483.16	949.94	737.22	731.23
49.6	484.77	952.98	739.9	734.04
49.7	486.07	956.82	742.85	736.84
49.8	487.08	959.63	745.56	739.64
49.9	488.85	962.53	748.65	742.45
50	489.49	966.77	751.45	745.25
50.1	494.44	968.32	753.72	747.63
50.2	497.32	969.35	756.3	750.01
50.3	501.97	970.74	758.63	752.39
50.4	506.46	971.72	761.03	754.77
50.5	508.46	972.51	763.09	757.15
50.6	512.14	973.65	765.21	759.53
50.7	515.63	974.63	767.77	761.91
50.8	518.11	975.25	770.09	764.29
50.9	519.62	975.95	772.45	766.67
51	523.36	976.91	774.85	769.05
51.1	526.47	977.72	777.28	771.43
51.2	530.21	978.54	779.46	773.81
51.3	534.34	979.8	781.84	776.19
51.4	537.11	980.68	784.98	778.57
51.5	539.88	981.31	787.35	780.95
51.6	542.65	982.51	789.77	783.33
51.7	545.85	983.74	792.28	785.71
51.8	549.5	985.02	794.71	788.09
51.9	552.9	986.09	797.15	790.47
52	557.66	986.9	799.85	792.85
52.1	560.29	988.03	802.13	795.23
52.2	563.21	989.68	805.19	797.61
52.3	566	990.95	807.43	799.99
52.4	569.47	992.67	809.74	802.37
52.5	572.35	995.28	811.72	804.76
52.6	577.42	997.05	814.22	807.14
52.7	579.54	998.01	817.31	809.52
52.8	581.6	998.74	819.58	811.9
52.9	584.33	999.84	821.65	814.28
53	587.32	1001.74	824	816.66
53.1	588.65	1002.62	827.02	819.04
53.2	589.35	1004.28	829.71	821.42
53.3	590	1006.24	832.23	823.8
53.4	592.43	1008.34	835	826.18
53.5	593.94	1011.2	837.53	828.56
53.6	596.41	1012.54	840.1	830.94
53.7	599.05	1014.79	842.41	833.32
53.8	600.77	1018.83	845.2	835.7
53.9	602.18	1019.91	848.29	838.08
54	603.17	1020.91	850.97	840.46
54.1	605.11	1022.88	853.61	842.84
54.2	607.22	1023.76	856.74	845.22
54.3	608.26	1024.96	859.33	847.6
54.4	610.1	1026.22	861.89	849.98
54.5	611.61	1028.44	864.19	852.36
54.6	613.39	1031.49	866.69	854.74
54.7	615.33	1033.58	869.18	857.12
54.8	616.33	1036.15	871.31	859.5
54.9	618.55	1038.36	873.44	861.88
55	619.27	1041.28	875.91	864.26
55.1	627.81	1043.32	878.35	867.1
55.2	636.38	1044.24	880.53	869.94
55.3	644.78	1044.47	883.17	872.78
55.4	651.95	1046.07	885.63	875.63
55.5	658.67	1047.6	887.97	878.47
55.6	665.96	1048.08	890.32	881.31
55.7	672.13	1050.08	892.76	884.15
55.8	679.96	1052.77	895.34	886.99
55.9	687.89	1055.39	897.69	889.84
56	694.81	1057.29	900	892.68
56.1	702.33	1059.15	902.3	895.52
56.2	708.95	1061.17	904.29	898.36
56.3	715.73	1063.53	906.39	901.2
56.4	722.46	1066.14	908.42	904.04
56.5	729.73	1068.97	910.19	906.89
56.6	736.27	1071.14	912.46	909.73
56.7	742.71	1073.74	914.97	912.57
56.8	750.09	1076.34	916.81	915.41
56.9	756.9	1078.33	918.86	918.25
57	763.69	1079.52	920.99	921.1
57.1	770.09	1081.93	923.61	923.94
57.2	776.5	1084.29	926.18	926.78
57.3	782.72	1087.99	928.29	929.62
57.4	788.93	1090.91	930.44	932.46
57.5	795.3	1092.92	933.04	935.31
57.6	800.95	1095.67	935.35	938.15
57.7	807	1099.65	938.06	940.99
57.8	811.08	1102.68	940.46	943.83
57.9	815.76	1104.84	943.02	946.67
58	822.84	1106.84	945.62	949.52
58.1	829.41	1109.78	948.2	952.36
58.2	835.14	1111.57	951.06	955.2
58.3	840.92	1113.46	953.83	958.04
58.4	846.14	1115.34	956.83	960.88
58.5	853.98	1117.81	959.22	963.72
58.6	860.52	1121.22	962.2	966.57
58.7	867.72	1123.49	965.06	969.41
58.8	873.56	1126.93	967.97	972.25
58.9	879.1	1130.43	970.77	975.09
59	883.69	1133.34	973.83	977.93
59.1	889.64	1135	976.48	980.78
59.2	893.83	1138.05	979	983.62
59.3	898.96	1141.1	981.64	986.46
59.4	904	1143.24	984.44	989.3
59.5	907.09	1146.29	986.51	992.14
59.6	909.25	1149.18	988.86	994.99
59.7	913.02	1151.78	991.71	997.83
59.8	915.04	1154.32	994.59	1000.67
59.9	918.01	1158.12	997.82	1003.51
60	919.08	1159.76	1001.52	1006.35
60.1	925.11	1165.49	1006.87	1012.01
60.2	931.5	1170.86	1013.42	1017.66
60.3	935.28	1178.46	1019.78	1023.31
60.4	939.14	1184.03	1026.87	1028.96
60.5	941.79	1188.72	1032.48	1034.61
60.6	944.01	1193.95	1038.8	1040.26
60.7	946.42	1198.58	1044.69	1045.92
60.8	949.03	1206.68	1050.21	1051.57
60.9	951.1	1214.25	1054.4	1057.22
61	953.28	1220.91	1059.29	1062.87
61.1	954.44	1230.98	1064.14	1068.52
61.2	956.98	1247.04	1068.57	1074.17
61.3	959.05	1259.16	1072.62	1079.83
61.4	960.41	1268.61	1077.59	1085.48
61.5	962.14	1280.02	1081.33	1091.13
61.6	963.69	1293.8	1086.71	1096.78
61.7	965.18	1308.1	1091.23	1102.43
61.8	966.3	1319.62	1095.57	1108.09
61.9	968.08	1332.82	1100.58	1113.74
62	969.07	1341.86	1105.13	1119.39
62.1	971.32	1355.14	1109.89	1125.04
62.2	972.49	1368.15	1115.19	1130.69
62.3	973.59	1381.6	1119.88	1136.34
62.4	974.66	1396.03	1124.38	1142
62.5	976.27	1408.98	1129.32	1147.65
62.6	977.47	1426.32	1134.06	1153.3
62.7	978.43	1440.68	1139.43	1158.95
62.8	979.32	1455.48	1144.2	1164.6
62.9	980.23	1471.08	1149.42	1170.25
63	981.89	1488.23	1153.69	1175.91
63.1	983.08	1504.08	1158.45	1181.56
63.2	984.44	1519.27	1163.23	1187.21
63.3	985.12	1532.84	1167.8	1192.86
63.4	986.06	1549.38	1173.01	1198.51
63.5	987.58	1563.26	1177.71	1204.17
63.6	988.88	1579.11	1182.5	1209.82
63.7	989.5	1594.74	1187.47	1215.47
63.8	990.07	1609.47	1192.63	1221.12
63.9	990.95	1625.44	1197.34	1226.77
64	991.34	1639.76	1202.15	1232.42
64.1	992.34	1654.2	1206.93	1238.08
64.2	993.17	1668.42	1211.39	1243.73
64.3	994.04	1682.15	1215.84	1249.38
64.4	994.72	1698.26	1220.21	1255.03
64.5	995.54	1714.42	1224.49	1260.68
64.6	996.24	1730.24	1228.82	1266.34
64.7	996.72	1746.51	1233.26	1271.99
64.8	997.71	1760.94	1237.77	1277.64
64.9	998.31	1776.96	1242.66	1283.29
65	999	1792.95	1247.63	1288.94
65.1	1005.68	1796.59	1253.15	1294.1
65.2	1013.61	1800.4	1258.89	1299.25
65.3	1019.53	1803.32	1264.51	1304.41
65.4	1025.66	1804.62	1270.13	1309.57
65.5	1030.1	1807.66	1275.66	1314.72
65.6	1033.68	1810.84	1279.57	1319.88
65.7	1038.54	1814.34	1284.79	1325.04
65.8	1043.15	1821.96	1290.33	1330.19
65.9	1047.59	1827.42	1294.17	1335.35
66	1052.25	1832.33	1300.14	1340.5
66.1	1056.37	1836.46	1306.58	1345.66
66.2	1059.83	1840.25	1312.14	1350.82
66.3	1062.09	1841.97	1316.84	1355.97
66.4	1065.13	1844.18	1322.27	1361.13
66.5	1068.59	1846.5	1327.84	1366.29
66.6	1070.45	1850.68	1333.38	1371.44
66.7	1073.26	1853.49	1339.31	1376.6
66.8	1075.75	1856.33	1345.77	1381.76
66.9	1077.91	1858.87	1350.93	1386.91
67	1080.24	1863.94	1356.36	1392.07
67.1	1082.57	1868.08	1362.01	1397.22
67.2	1084.75	1871.74	1366.53	1402.38
67.3	1087.31	1876.89	1371.05	1407.54
67.4	1089.05	1883.87	1375.91	1412.69
67.5	1091.44	1889.28	1381.83	1417.85
67.6	1094.2	1895.05	1387.3	1423.01
67.7	1096.88	1897.75	1392.17	1428.16
67.8	1098.81	1904.28	1398.08	1433.32
67.9	1100.29	1910.53	1404.34	1438.47
68	1102.25	1916.06	1411.3	1443.63
68.1	1105.29	1920.38	1418.5	1448.79
68.2	1106.59	1928.63	1424.51	1453.94
68.3	1108.68	1932.62	1430.62	1459.1
68.4	1111.41	1937.44	1436.8	1464.26
68.5	1112.56	1943.24	1441.77	1469.41
68.6	1114.87	1945.96	1446.7	1474.57
68.7	1117.2	1953.53	1452.39	1479.72
68.8	1118.65	1958.71	1458.7	1484.88
68.9	1121.37	1965.41	1464.53	1490.04
69	1123.66	1970.2	1469.61	1495.19
69.1	1125.07	1976.8	1475.13	1500.35
69.2	1126.58	1983.34	1481.61	1505.51
69.3	1127.76	1989.86	1486.59	1510.66
69.4	1129.14	1997.06	1491.62	1515.82
69.5	1131.15	2006.84	1497.65	1520.97
69.6	1131.88	2014.21	1502.73	1526.13
69.7	1134.62	2023.34	1507.14	1531.29
69.8	1134.93	2030.25	1511.35	1536.44
69.9	1136.01	2035.92	1516.91	1541.6
70	1137.35	2044.06	1522.81	1546.76
70.1	1149.02	2047.03	1528.97	1553.11
70.2	1157.43	2051.05	1536	1559.46
70.3	1164.46	2054.94	1542.93	1565.81
70.4	1174.68	2059.05	1550.09	1572.17
70.5	1182.36	2060.52	1557.18	1578.52
70.6	1189.7	2064.3	1564.18	1584.87
70.7	1197.56	2069.09	1571.68	1591.22
70.8	1202.32	2073.33	1578.55	1597.58
70.9	1208.17	2076.02	1586.95	1603.93
71	1214.57	2081.87	1595.81	1610.28
71.1	1221.04	2087.62	1601.79	1616.64
71.2	1226.23	2096.52	1606.75	1622.99
71.3	1233.7	2100.58	1613.54	1629.34
71.4	1239.17	2107.03	1620.96	1635.69
71.5	1244.5	2110.91	1627.48	1642.05
71.6	1249.6	2114.06	1634.8	1648.4
71.7	1255.35	2118.39	1642.83	1654.75
71.8	1261.03	2123.65	1650.74	1661.11
71.9	1264.14	2130.04	1656.74	1667.46
72	1270.56	2137.27	1663.73	1673.81
72.1	1274.79	2141.67	1670.69	1680.16
72.2	1277.9	2149.77	1676.63	1686.52
72.3	1279.21	2158.38	1683.33	1692.87
72.4	1284.88	2167.94	1690.39	1699.22
72.5	1288	2177.43	1697.45	1705.58
72.6	1292.48	2185.74	1703.8	1711.93
72.7	1294.17	2192.19	1710.45	1718.28
72.8	1299.03	2198.94	1717.35	1724.63
72.9	1301.4	2205.58	1723.51	1730.99
73	1305.57	2213.71	1728.65	1737.34
73.1	1310.3	2220.03	1736.33	1743.69
73.2	1311.31	2228.54	1743.26	1750.05
73.3	1316.36	2236.55	1749.71	1756.4
73.4	1318.96	2246.74	1755.13	1762.75
73.5	1320.61	2255.71	1761.12	1769.1
73.6	1322.97	2264.15	1767.97	1775.46
73.7	1324.91	2273.28	1774.87	1781.81
73.8	1326.86	2281.25	1781.39	1788.16
73.9	1328.82	2289.19	1787.74	1794.52
74	1330.49	2299.29	1794.5	1800.87
74.1	1331.14	2309.31	1800.19	1807.22
74.2	1333.74	2320.23	1807.19	1813.57
74.3	1334.13	2326.99	1814.2	1819.93
74.4	1336.2	2335.22	1820.65	1826.28
74.5	1338.69	2344.81	1826.68	1832.63
74.6	1340.42	2355.03	1832.47	1838.99
74.7	1341.72	2364.3	1837.55	1845.34
74.8	1343.34	2372.32	1844.35	1851.69
74.9	1344.56	2382.97	1850.95	1858.04
75	1346.86	2392.78	1857.68	1864.4
75.1	1356.52	2394.28	1862.55	1870
75.2	1365.3	2397.58	1867.57	1875.61
75.3	1372.05	2399.17	1873.78	1881.21
75.4	1379.26	2400.4	1879.92	1886.82
75.5	1383.49	2402.23	1886.06	1892.43
75.6	1392.2	2405.26	1891.67	1898.03
75.7	1401.22	2407.21	1896.98	1903.64
75.8	1410.75	2408.33	1903.11	1909.24
75.9	1418.93	2410.52	1907.47	1914.85
76	1425.7	2413.9	1913.04	1920.46
76.1	1432.87	2415.02	1917.88	1926.06
76.2	1440.27	2418.32	1923.22	1931.67
76.3	1449.3	2423	1929.43	1937.27
76.4	1454.61	2427	1935.43	1942.88
76.5	1458.69	2430.15	1941.2	1948.49
76.6	1463.65	2432.86	1946.61	1954.09
76.7	1469.95	2434.71	1951.99	1959.7
76.8	1473.77	2439.57	1958.17	1965.3
76.9	1478.76	2444.05	1965.27	1970.91
77	1483.7	2445.88	1970.9	1976.51
77.1	1489.55	2448.8	1977.24	1982.12
77.2	1495.01	2451.92	1981.77	1987.73
77.3	1498.71	2455	1989.09	1993.33
77.4	1501.69	2457.95	1994.98	1998.94
77.5	1505.04	2462.34	2000.61	2004.54
77.6	1508.1	2465.79	2005.47	2010.15
77.7	1512.09	2471.31	2012.18	2015.76
77.8	1516.97	2476.05	2018.69	2021.36
77.9	1521.42	2480.04	2024.4	2026.97
78	1528.73	2484.41	2031.61	2032.57
78.1	1532.77	2490.23	2037.98	2038.18
78.2	1535.83	2496.25	2044.82	2043.79
78.3	1539.33	2500.63	2052.17	2049.39
78.4	1542.6	2503.84	2058.23	2055
78.5	1545.85	2506.92	2065.48	2060.6
78.6	1549.12	2510.45	2072.15	2066.21
78.7	1552.38	2516.29	2078.2	2071.82
78.8	1553.33	2520.39	2083.91	2077.42
78.9	1555.16	2525.54	2090.86	2083.03
79	1558.26	2530.17	2097.37	2088.63
79.1	1562.1	2536.07	2105.93	2094.24
79.2	1564.8	2541.23	2112.67	2099.84
79.3	1569.3	2546.11	2118.82	2105.45
79.4	1572.94	2551.77	2124.36	2111.06
79.5	1576.55	2557.61	2130.85	2116.66
79.6	1581.89	2562.62	2136.61	2122.27
79.7	1585.21	2568.24	2143.67	2127.87
79.8	1591.84	2577.39	2150.87	2133.48
79.9	1597.94	2585	2156.03	2139.09
80	1602.46	2591.35	2161.85	2144.69
80.1	1614.46	2593.41	2166.93	2150.04
80.2	1627.4	2594.13	2171.33	2155.38
80.3	1637.06	2595.95	2176.26	2160.72
80.4	1647.21	2598.51	2181.77	2166.07
80.5	1654.56	2600.66	2188.02	2171.41
80.6	1666.47	2603.53	2192.41	2176.76
80.7	1679.16	2604.69	2197.98	2182.1
80.8	1690.28	2606.14	2203.38	2187.44
80.9	1697.05	2609.37	2208.21	2192.79
81	1711.58	2611.04	2213.55	2198.13
81.1	1721.01	2612.13	2219.06	2203.47
81.2	1728.86	2615.15	2224.69	2208.82
81.3	1737.77	2616.59	2230.31	2214.16
81.4	1749.36	2620	2236.62	2219.51
81.5	1751.81	2621.08	2241.37	2224.85
81.6	1763	2623.56	2246.17	2230.19
81.7	1769.78	2625.51	2252.25	2235.54
81.8	1775.41	2627.34	2257.86	2240.88
81.9	1781.63	2629.71	2263.37	2246.23
82	1789.72	2630.99	2268.68	2251.57
82.1	1795.81	2633.51	2274.25	2256.91
82.2	1807.09	2635.62	2279.28	2262.26
82.3	1812.18	2638.33	2284.84	2267.6
82.4	1819.35	2640.45	2289.76	2272.94
82.5	1823.99	2643.43	2295.04	2278.29
82.6	1830.52	2645.82	2301.1	2283.63
82.7	1839.12	2649.19	2305.83	2288.98
82.8	1847.31	2653.34	2310.57	2294.32
82.9	1853.89	2655.88	2316.45	2299.66
83	1860.41	2657.69	2322.36	2305.01
83.1	1863.11	2659.46	2329.2	2310.35
83.2	1867.52	2662.74	2334.63	2315.7
83.3	1874.48	2665.14	2338.63	2321.04
83.4	1881.33	2667.12	2344.42	2326.38
83.5	1886.6	2670.3	2349	2331.73
83.6	1890.86	2672.94	2355.23	2337.07
83.7	1895.12	2675.23	2360.95	2342.41
83.8	1899.35	2676.85	2366.16	2347.76
83.9	1903.42	2679.34	2371.11	2353.1
84	1905.69	2683.81	2377.3	2358.45
84.1	1912.2	2686.32	2384.16	2363.79
84.2	1916.15	2689.23	2389.7	2369.13
84.3	1919.4	2692.64	2394.98	2374.48
84.4	1923.37	2696.53	2401.27	2379.82
84.5	1927.29	2700.32	2406.79	2385.17
84.6	1934.01	2705.3	2412.22	2390.51
84.7	1938.33	2711.54	2418.88	2395.85
84.8	1942.65	2717.01	2423.88	2401.2
84.9	1945.4	2723.01	2428.07	2406.54
85	1951.22	2728.72	2433.11	2411.89
85.1	1965.55	2729.92	2437.92	2417.01
85.2	1979.92	2730.32	2441.25	2422.13
85.3	1992.12	2731.51	2445.22	2427.25
85.4	2005.22	2732.23	2450.71	2432.37
85.5	2018.04	2733.16	2455.39	2437.49
86	2080.68	2737.19	2476.4	2463.09
86.1	2092.64	2737.91	2480.7	2468.21
86.2	2106.67	2738.21	2484.46	2473.33
86.3	2116.95	2739.32	2488.62	2478.45
86.4	2128.29	2739.76	2492.98	2483.57
86.5	2139.5	2740.73	2497.15	2488.69
86.6	2151.91	2741.41	2502.69	2493.81
86.7	2162.85	2742.76	2507.25	2498.93
86.8	2173.53	2743.72	2511.73	2504.05
86.9	2184.12	2744.55	2516.04	2509.17
87	2194.53	2745.36	2521.01	2514.29
87.1	2206.28	2746.86	2525.86	2519.41
87.2	2218.15	2747.99	2530.48	2524.53
87.3	2228.78	2749.07	2536.7	2529.65
87.4	2238.82	2749.95	2542.59	2534.77
87.5	2247.18	2751.57	2548.51	2539.89
87.6	2257.62	2752.42	2553.37	2545.01
87.7	2267.95	2754.53	2559.67	2550.13
87.8	2275.6	2756.61	2567.02	2555.25
87.9	2282	2758.75	2573.94	2560.37
88	2290.64	2760.65	2581.35	2565.49
88.1	2298.06	2762.62	2587.52	2570.61
88.2	2305.62	2764.33	2594.3	2575.73
88.3	2312.44	2766.87	2601.63	2580.85
88.4	2320.42	2769.04	2608.44	2585.97
88.5	2326.78	2771.37	2614.63	2591.09
88.6	2332.31	2774.93	2621.38	2596.21
88.7	2337.92	2777.82	2628.85	2601.33
88.8	2344.62	2781.16	2637.38	2606.45
88.9	2349.26	2783.35	2644.88	2611.57
89	2356.23	2789.15	2654.24	2616.69
89.1	2361.38	2793.23	2663.68	2621.81
89.2	2366.59	2799.02	2673.11	2626.93
89.3	2370.24	2805.83	2682.54	2632.05
89.4	2373.58	2811.07	2691.25	2637.17
89.5	2379.87	2814.74	2699.45	2642.29
89.6	2385.39	2819.99	2704.84	2647.42
89.7	2389.12	2825.46	2710.35	2652.54
89.8	2394.65	2831.25	2715.26	2657.66
89.9	2399.38	2837.51	2719.64	2662.78
90	2403.87	2842.28	2723.5	2667.9
90.1	2405.91	2844.24	2725.61	2670.31
90.2	2409.01	2845.8	2727.51	2672.73
90.3	2412.33	2847.37	2729.46	2675.14
90.4	2417.48	2848.94	2731.07	2677.56
90.5	2422.66	2850.51	2733.31	2679.98
90.6	2426.47	2852.21	2734.9	2682.39
90.7	2431.01	2854.89	2736.5	2684.81
90.8	2434.17	2857.12	2738.27	2687.22
90.9	2435.94	2859.84	2739.88	2689.64
91	2437.55	2861.52	2741.36	2692.06
91.1	2439.96	2863.64	2742.78	2694.47
91.2	2443.55	2866.8	2744.67	2696.89
91.3	2447.04	2870.67	2745.72	2699.3
91.4	2450.56	2872.74	2746.79	2701.72
91.5	2453.12	2875.15	2748.42	2704.14
91.6	2455.7	2877.79	2749.43	2706.55
91.7	2458.28	2880.5	2751	2708.97
91.8	2461.76	2883.67	2752.04	2711.38
91.9	2463.86	2887.34	2753.49	2713.8
92	2465.43	2890.99	2754.77	2716.22
92.1	2466.98	2895.17	2756.29	2718.63
92.2	2469.87	2898.76	2757.37	2721.05
92.3	2471.92	2902.24	2758.88	2723.46
92.4	2473.35	2906.55	2760.42	2725.88
92.5	2475.05	2911.65	2761.48	2728.29
92.6	2478	2914.55	2763.13	2730.71
92.7	2480.59	2916.46	2764.61	2733.13
92.8	2483.96	2920.99	2766.84	2735.54
92.9	2486.23	2925.69	2768.59	2737.96
93	2488.62	2928.99	2769.98	2740.37
93.1	2491.66	2933.18	2771.98	2742.79
93.2	2494.59	2936.43	2774.41	2745.21
93.3	2496.36	2940.07	2775.87	2747.62
93.4	2497.6	2943.11	2777.94	2750.04
93.5	2500.77	2948.32	2779.87	2752.45
93.6	2502.83	2953.03	2781.39	2754.87
93.7	2504.63	2956.57	2782.85	2757.29
93.8	2506.58	2961.62	2784.25	2759.7
93.9	2509.31	2966.48	2785.64	2762.12
94	2511.21	2971.21	2787.37	2764.53
94.1	2513.19	2976.06	2788.6	2766.95
94.2	2513.62	2981.4	2790.74	2769.37
94.3	2515.38	2986.68	2792.31	2771.78
94.4	2517.15	2992.08	2794.05	2774.2
94.5	2518.76	2996.5	2795.49	2776.61
94.6	2518.88	3000.66	2797.02	2779.03
94.7	2519.01	3005.7	2798.44	2781.45
94.8	2519.38	3010.71	2799.87	2783.86
94.9	2522.08	3016.07	2801.27	2786.28
95	2524.78	3021.27	2803.06	2788.69
95.1	2528.54	3022.27	2805.3	2791.31
95.2	2532.74	3023.19	2808.05	2793.93
95.3	2537.27	3024.14	2810.86	2796.55
95.4	2540.53	3025.11	2813.01	2799.17
95.5	2544.16	3026.65	2815.59	2801.79
95.6	2549.5	3028.18	2818.19	2804.41
95.7	2553.21	3029.32	2820.81	2807.03
95.8	2556.04	3030.78	2823.36	2809.65
95.9	2558.38	3033.15	2825.88	2812.27
96	2561.52	3035.42	2828.87	2814.88
96.1	2564.87	3037.31	2831.2	2817.5
96.2	2567.39	3039.43	2834.02	2820.12
96.3	2569.06	3041.18	2836.18	2822.74
96.4	2572.82	3043.56	2838.06	2825.36
96.5	2575.66	3045.41	2840.23	2827.98
96.6	2579.03	3046.5	2842.44	2830.6
96.7	2580.48	3047.53	2844.71	2833.22
96.8	2582.79	3048.87	2847.51	2835.84
96.9	2585.07	3051.29	2850.17	2838.46
97	2590.1	3053.79	2853.16	2841.08
97.1	2592.29	3055.7	2855.21	2843.69
97.2	2592.88	3058.07	2857.53	2846.31
97.3	2594.61	3061.05	2860.02	2848.93
97.4	2596.02	3063.81	2862.51	2851.55
97.5	2598.46	3066.93	2865.29	2854.17
97.6	2601.04	3070.61	2867.67	2856.79
97.7	2603.6	3071.42	2870.08	2859.41
97.8	2606.19	3076.48	2872.64	2862.03
97.9	2608.57	3078.47	2874.81	2864.65
98	2611.35	3080.73	2877.34	2867.27
98.1	2613.38	3084.06	2879.83	2869.89
98.2	2615.8	3087.09	2882.13	2872.51
98.3	2617.97	3089.48	2884.93	2875.12
98.4	2618.89	3093.86	2887.26	2877.74
98.5	2619.21	3096.02	2890.02	2880.36
98.6	2620.53	3098.72	2892.38	2882.98
98.7	2622.79	3101.5	2894.44	2885.6
98.8	2624.29	3103.67	2896.77	2888.22
98.9	2626.15	3107.29	2899.24	2890.84
99	2627.53	3109.28	2901.78	2893.46
99.1	2628.03	3112.48	2904.19	2896.08
99.2	2628.52	3114.38	2906.26	2898.7
99.3	2629.03	3119.18	2909.03	2901.32
99.4	2630.33	3124.18	2911.73	2903.93
99.5	2631.3	3129.08	2914.31	2906.55
99.6	2631.72	3132.84	2916.73	2909.17
99.7	2632.96	3136.74	2919.2	2911.79
99.8	2634.21	3140.83	2921.87	2914.41
99.9	2637.67	3147.57	2924.27	2917.03
100	2639.14	3150.43	2926.74	2919.65
100.1	2643.11	3151.38	2929.07	2922.02
100.2	2649.41	3152.58	2931.58	2924.39
100.3	2652.68	3153.64	2933.91	2926.77
100.4	2656.71	3154.43	2936.45	2929.14
100.5	2661.41	3155.45	2938.83	2931.51
100.6	2666.56	3156.6	2941.26	2933.89
100.7	2671.3	3157.94	2943.6	2936.26
100.8	2673.09	3159.52	2945.69	2938.63
100.9	2675.69	3160.59	2948.61	2941
101	2679.53	3161.39	2950.64	2943.38
101.1	2682.17	3162.64	2952.96	2945.75
101.2	2684.3	3163.3	2955.37	2948.12
101.3	2689.57	3165.41	2958.26	2950.49
101.4	2692.67	3166.01	2960.55	2952.87
101.5	2698.12	3166.86	2962.64	2955.24
101.6	2701.03	3168.53	2964.87	2957.61
101.7	2705.19	3170.09	2966.75	2959.99
101.8	2706.92	3171	2969.19	2962.36
101.9	2708.24	3173.58	2971.5	2964.73
102	2710.57	3175.21	2974.48	2967.1
102.1	2713.73	3177.08	2976.28	2969.48
102.2	2716.08	3179.69	2979.57	2971.85
102.3	2719.28	3181.5	2981.37	2974.22
102.4	2722.56	3182.6	2983.32	2976.59
102.5	2724.46	3183.96	2985.9	2978.97
102.6	2726.24	3185.45	2988.45	2981.34
102.7	2728.2	3187.27	2990.98	2983.71
102.8	2730.05	3189.39	2993.31	2986.09
102.9	2731.93	3191.49	2995.7	2988.46
103	2734.67	3194.29	2998.63	2990.83
103.1	2738.17	3196.3	3000.58	2993.2
103.2	2739.23	3199.49	3002.97	2995.58
103.3	2740.92	3202.37	3005.63	2997.95
103.4	2743.23	3205.15	3008.15	3000.32
103.5	2744.84	3207.24	3010.57	3002.69
103.6	2747.18	3209.17	3012.9	3005.07
103.7	2752.44	3211.77	3015.37	3007.44
103.8	2756.47	3214.27	3017.44	3009.81
103.9	2760.1	3217.48	3019.79	3012.19
104	2763.63	3220.13	3022.31	3014.56
104.1	2766.17	3221.62	3025.56	3016.93
104.2	2768.76	3224.87	3028.19	3019.3
104.3	2770.27	3227.01	3030.18	3021.68
104.4	2770.81	3230.11	3032.44	3024.05
104.5	2772.53	3232.76	3034.59	3026.42
104.6	2775.57	3236.21	3036.89	3028.79
104.7	2778.71	3239.03	3039.45	3031.17
104.8	2780.71	3242.46	3041.67	3033.54
104.9	2782.75	3246	3043.73	3035.91
