Optimal number of components LOO: 5 
Data: 	X dimension: 265 6 
	Y dimension: 265 1
Fit method: kernelpls
Number of components considered: 6

VALIDATION: RMSEP
Cross-validated using 265 leave-one-out segments.
       (Intercept)  1 comps  2 comps  3 comps  4 comps  5 comps  6 comps
CV           1.242   0.7258   0.6649   0.6389   0.6255   0.6207   0.6221
adjCV        1.242   0.7258   0.6649   0.6389   0.6255   0.6207   0.6221

TRAINING: % variance explained
        1 comps  2 comps  3 comps  4 comps  5 comps  6 comps
X         78.29    89.26    93.03    96.44    98.08   100.00
Y_test    66.12    72.12    75.21    76.61    76.65    76.66
Response Y_test (5 comps):
    Estimate Std. Error  Df t value        Pr(>|t|)    
Ti  1.056297   0.163685 264  6.4533 0.0000000005211 ***
Ca -0.509295   0.164856 264 -3.0893       0.0022203 ** 
Mn  0.132289   0.170302 264  0.7768       0.4379775    
Fe -0.190590   0.071473 264 -2.6666       0.0081353 ** 
Sr  0.464236   0.127769 264  3.6334       0.0003361 ***
Zr  0.123742   0.080603 264  1.5352       0.1259316    
---
Signif. codes:  0 ‘***’ 0.001 ‘**’ 0.01 ‘*’ 0.05 ‘.’ 0.1 ‘ ’ 1
Optimal number of components CV: 5 
Data: 	X dimension: 265 6 
	Y dimension: 265 1
Fit method: kernelpls
Number of components considered: 6

VALIDATION: RMSEP
Cross-validated using 10 random segments.
       (Intercept)  1 comps  2 comps  3 comps  4 comps  5 comps  6 comps
CV           1.242   0.7263   0.6649   0.6383   0.6264   0.6189   0.6201
adjCV        1.242   0.7260   0.6644   0.6370   0.6245   0.6178   0.6189

TRAINING: % variance explained
        1 comps  2 comps  3 comps  4 comps  5 comps  6 comps
X         78.29    89.26    93.03    96.44    98.08   100.00
Y_test    66.12    72.12    75.21    76.61    76.65    76.66
Response Y_test (5 comps):
    Estimate Std. Error Df t value   Pr(>|t|)    
Ti  1.056297   0.143881  9  7.3414 0.00004367 ***
Ca -0.509295   0.133712  9 -3.8089   0.004160 ** 
Mn  0.132289   0.184162  9  0.7183   0.490780    
Fe -0.190590   0.044438  9 -4.2889   0.002023 ** 
Sr  0.464236   0.100291  9  4.6289   0.001239 ** 
Zr  0.123742   0.070996  9  1.7430   0.115315    
---
Signif. codes:  0 ‘***’ 0.001 ‘**’ 0.01 ‘*’ 0.05 ‘.’ 0.1 ‘ ’ 1
Data: 	X dimension: 265 4 
	Y dimension: 265 1
Fit method: kernelpls
Number of components considered: 4

VALIDATION: RMSEP
Cross-validated using 10 random segments.
       (Intercept)  1 comps  2 comps  3 comps  4 comps
CV           1.242   0.6948   0.6671   0.6247   0.6240
adjCV        1.242   0.6945   0.6669   0.6241   0.6233

TRAINING: % variance explained
         1 comps  2 comps  3 comps  4 comps
X          82.16    95.71    98.28   100.00
Y_final    68.93    71.57    75.44    75.57
Response Y_final (4 comps):
    Estimate Std. Error Df t value   Pr(>|t|)    
Ti  1.009723   0.149708  9  6.7446 0.00008416 ***
Ca -0.604523   0.168397  9 -3.5899   0.005840 ** 
Sr  0.520711   0.118816  9  4.3825   0.001765 ** 
Zr  0.208576   0.080784  9  2.5819   0.029604 *  
---
Signif. codes:  0 ‘***’ 0.001 ‘**’ 0.01 ‘*’ 0.05 ‘.’ 0.1 ‘ ’ 1
, , 4 comps

      Y_final
1    5.793030
2    4.415636
3    5.017704
4    6.472806
5    6.862141
6    6.062260
7    6.461521
8    6.064151
9    5.684314
10   6.792182
11   6.362373
12   6.655197
13   6.146736
14   7.312512
15   7.356817
16   6.797433
17   6.052077
18   5.908587
19   5.524322
20   6.070907
21   6.242726
22   6.418100
23   6.255415
24   6.420817
25   6.652967
26   6.481835
27   6.491797
28   6.553644
29   6.459413
30   6.590166
31   6.241782
32   6.108136
33   6.285780
34   5.881982
35   6.286491
36   6.245972
37   6.378002
38   6.538228
39   5.862596
40   6.473825
41   6.789876
42   6.666047
43   7.147444
44   7.229393
45   6.955235
46   7.108340
47   6.807161
48   6.916042
49   6.873777
50   6.937132
51   6.633133
52   6.417182
53   6.599496
54   7.091328
55   6.752766
56   7.097324
57   7.268436
58   6.848254
59   6.891598
60   8.448154
61   7.791375
62   7.737036
63   7.641131
64   7.356603
65   6.990862
66   7.196934
67   7.544009
68   6.898384
69   7.251366
70   7.496896
71   7.588349
72   7.776830
73   7.237662
74   7.888607
75   7.871958
76   7.969635
77   7.981315
78   7.981947
79   7.497081
80   7.730132
81   7.493658
82   7.501686
83   7.484234
84   8.175290
85   7.793542
86   7.446857
87   7.694535
88   7.292444
89   8.008704
90   7.251886
91   6.844399
92   6.780768
93   6.134007
94   6.573837
95   7.423571
96   7.406473
97   6.842650
98   6.926939
99   6.929029
100  6.752519
101  6.932238
102  7.074673
103  6.638644
104  7.191883
105  7.081695
106  7.239900
107  7.175221
108  7.261980
109  7.087698
110  7.035624
111  6.067522
112  6.373831
113  6.549464
114  6.780421
115  6.895576
116  6.396129
117  6.819272
118  6.168132
119  6.950924
120  7.391340
121  6.698563
122  6.271885
123  6.387247
124  6.489259
125  7.407984
126  7.255709
127  7.874146
128  7.551407
129  6.497900
130  6.605907
131  7.149588
132  7.358524
133  7.237741
134  7.402014
135  6.432681
136  8.387268
137  8.372918
138  7.485205
139  8.058789
140  7.748112
141  7.566455
142  6.709907
143  8.071944
144  7.289671
145  8.731599
146  8.722678
147  8.571651
148  8.838913
149  8.612667
150  8.857611
151  8.684409
152  9.087810
153  7.986149
154  8.056074
155  7.399666
156  6.411506
157  6.562866
158  6.510360
159  6.523286
160  5.954031
161  5.585693
162  6.496868
163  6.209255
164  6.302422
165  6.442725
166  7.665708
167  6.545441
168  6.372168
169  6.194329
170  6.020038
171  6.957607
172  6.793569
173  7.871266
174  8.769132
175  7.516556
176  6.527340
177  6.508619
178  7.026335
179  6.260106
180  6.286139
181  6.568381
182  7.229956
183  8.626667
184  8.034510
185  7.207609
186  6.606217
187  6.542383
188  6.339542
189  6.457786
190  6.525253
191  6.515106
192  6.585981
193  7.572374
194  7.877705
195  8.100175
196  7.840099
197  7.960620
198  8.055384
199  9.105037
200  6.397996
201  6.455032
202  7.001697
203  6.335438
204  6.472121
205  5.719813
206  6.909778
207  7.115399
208  6.883541
209  6.780006
210  6.735769
211  7.432245
212  7.419028
213  7.257842
214  6.731629
215  6.928531
216  6.947589
217  6.489122
218  6.547614
219  7.142747
220  7.491203
221  7.500503
222  7.508311
223  6.905791
224  6.925931
225  6.550819
226  6.707676
227  6.781465
228  6.324770
229  6.841293
230  7.307662
231  7.335079
232  8.259655
233  8.120915
234  8.459455
235  5.965471
236  6.898475
237  6.673883
238  7.252995
239  7.433331
240  7.331505
241  7.277177
242  8.486153
243  9.370610
244  9.069292
245  9.639746
246  9.579215
247  9.469477
248  9.762181
249  9.681962
250  9.935453
251  9.759944
252  9.893831
253  9.639431
254  9.586579
255  9.729460
256  9.377386
257  9.670372
258  9.857321
259 10.092913
260 10.236301
261 10.280727
262 10.396925
263 10.516007
264 10.428979
265 10.492922

, , 4 comps

      Y_final
1    5.793030
2    4.415636
3    5.017704
4    6.472806
5    6.862141
6    6.062260
7    6.461521
8    6.064151
9    5.684314
10   6.792182
11   6.362373
12   6.655197
13   6.146736
14   7.312512
15   7.356817
16   6.797433
17   6.052077
18   5.908587
19   5.524322
20   6.070907
21   6.242726
22   6.418100
23   6.255415
24   6.420817
25   6.652967
26   6.481835
27   6.491797
28   6.553644
29   6.459413
30   6.590166
31   6.241782
32   6.108136
33   6.285780
34   5.881982
35   6.286491
36   6.245972
37   6.378002
38   6.538228
39   5.862596
40   6.473825
41   6.789876
42   6.666047
43   7.147444
44   7.229393
45   6.955235
46   7.108340
47   6.807161
48   6.916042
49   6.873777
50   6.937132
51   6.633133
52   6.417182
53   6.599496
54   7.091328
55   6.752766
56   7.097324
57   7.268436
58   6.848254
59   6.891598
60   8.448154
61   7.791375
62   7.737036
63   7.641131
64   7.356603
65   6.990862
66   7.196934
67   7.544009
68   6.898384
69   7.251366
70   7.496896
71   7.588349
72   7.776830
73   7.237662
74   7.888607
75   7.871958
76   7.969635
77   7.981315
78   7.981947
79   7.497081
80   7.730132
81   7.493658
82   7.501686
83   7.484234
84   8.175290
85   7.793542
86   7.446857
87   7.694535
88   7.292444
89   8.008704
90   7.251886
91   6.844399
92   6.780768
93   6.134007
94   6.573837
95   7.423571
96   7.406473
97   6.842650
98   6.926939
99   6.929029
100  6.752519
101  6.932238
102  7.074673
103  6.638644
104  7.191883
105  7.081695
106  7.239900
107  7.175221
108  7.261980
109  7.087698
110  7.035624
111  6.067522
112  6.373831
113  6.549464
114  6.780421
115  6.895576
116  6.396129
117  6.819272
118  6.168132
119  6.950924
120  7.391340
121  6.698563
122  6.271885
123  6.387247
124  6.489259
125  7.407984
126  7.255709
127  7.874146
128  7.551407
129  6.497900
130  6.605907
131  7.149588
132  7.358524
133  7.237741
134  7.402014
135  6.432681
136  8.387268
137  8.372918
138  7.485205
139  8.058789
140  7.748112
141  7.566455
142  6.709907
143  8.071944
144  7.289671
145  8.731599
146  8.722678
147  8.571651
148  8.838913
149  8.612667
150  8.857611
151  8.684409
152  9.087810
153  7.986149
154  8.056074
155  7.399666
156  6.411506
157  6.562866
158  6.510360
159  6.523286
160  5.954031
161  5.585693
162  6.496868
163  6.209255
164  6.302422
165  6.442725
166  7.665708
167  6.545441
168  6.372168
169  6.194329
170  6.020038
171  6.957607
172  6.793569
173  7.871266
174  8.769132
175  7.516556
176  6.527340
177  6.508619
178  7.026335
179  6.260106
180  6.286139
181  6.568381
182  7.229956
183  8.626667
184  8.034510
185  7.207609
186  6.606217
187  6.542383
188  6.339542
189  6.457786
190  6.525253
191  6.515106
192  6.585981
193  7.572374
194  7.877705
195  8.100175
196  7.840099
197  7.960620
198  8.055384
199  9.105037
200  6.397996
201  6.455032
202  7.001697
203  6.335438
204  6.472121
205  5.719813
206  6.909778
207  7.115399
208  6.883541
209  6.780006
210  6.735769
211  7.432245
212  7.419028
213  7.257842
214  6.731629
215  6.928531
216  6.947589
217  6.489122
218  6.547614
219  7.142747
220  7.491203
221  7.500503
222  7.508311
223  6.905791
224  6.925931
225  6.550819
226  6.707676
227  6.781465
228  6.324770
229  6.841293
230  7.307662
231  7.335079
232  8.259655
233  8.120915
234  8.459455
235  5.965471
236  6.898475
237  6.673883
238  7.252995
239  7.433331
240  7.331505
241  7.277177
242  8.486153
243  9.370610
244  9.069292
245  9.639746
246  9.579215
247  9.469477
248  9.762181
249  9.681962
250  9.935453
251  9.759944
252  9.893831
253  9.639431
254  9.586579
255  9.729460
256  9.377386
257  9.670372
258  9.857321
259 10.092913
260 10.236301
261 10.280727
262 10.396925
263 10.516007
264 10.428979
265 10.492922

, , 4 comps

      Y_final
1    5.793030
2    4.415636
3    5.017704
4    6.472806
5    6.862141
6    6.062260
7    6.461521
8    6.064151
9    5.684314
10   6.792182
11   6.362373
12   6.655197
13   6.146736
14   7.312512
15   7.356817
16   6.797433
17   6.052077
18   5.908587
19   5.524322
20   6.070907
21   6.242726
22   6.418100
23   6.255415
24   6.420817
25   6.652967
26   6.481835
27   6.491797
28   6.553644
29   6.459413
30   6.590166
31   6.241782
32   6.108136
33   6.285780
34   5.881982
35   6.286491
36   6.245972
37   6.378002
38   6.538228
39   5.862596
40   6.473825
41   6.789876
42   6.666047
43   7.147444
44   7.229393
45   6.955235
46   7.108340
47   6.807161
48   6.916042
49   6.873777
50   6.937132
51   6.633133
52   6.417182
53   6.599496
54   7.091328
55   6.752766
56   7.097324
57   7.268436
58   6.848254
59   6.891598
60   8.448154
61   7.791375
62   7.737036
63   7.641131
64   7.356603
65   6.990862
66   7.196934
67   7.544009
68   6.898384
69   7.251366
70   7.496896
71   7.588349
72   7.776830
73   7.237662
74   7.888607
75   7.871958
76   7.969635
77   7.981315
78   7.981947
79   7.497081
80   7.730132
81   7.493658
82   7.501686
83   7.484234
84   8.175290
85   7.793542
86   7.446857
87   7.694535
88   7.292444
89   8.008704
90   7.251886
91   6.844399
92   6.780768
93   6.134007
94   6.573837
95   7.423571
96   7.406473
97   6.842650
98   6.926939
99   6.929029
100  6.752519
101  6.932238
102  7.074673
103  6.638644
104  7.191883
105  7.081695
106  7.239900
107  7.175221
108  7.261980
109  7.087698
110  7.035624
111  6.067522
112  6.373831
113  6.549464
114  6.780421
115  6.895576
116  6.396129
117  6.819272
118  6.168132
119  6.950924
120  7.391340
121  6.698563
122  6.271885
123  6.387247
124  6.489259
125  7.407984
126  7.255709
127  7.874146
128  7.551407
129  6.497900
130  6.605907
131  7.149588
132  7.358524
133  7.237741
134  7.402014
135  6.432681
136  8.387268
137  8.372918
138  7.485205
139  8.058789
140  7.748112
141  7.566455
142  6.709907
143  8.071944
144  7.289671
145  8.731599
146  8.722678
147  8.571651
148  8.838913
149  8.612667
150  8.857611
151  8.684409
152  9.087810
153  7.986149
154  8.056074
155  7.399666
156  6.411506
157  6.562866
158  6.510360
159  6.523286
160  5.954031
161  5.585693
162  6.496868
163  6.209255
164  6.302422
165  6.442725
166  7.665708
167  6.545441
168  6.372168
169  6.194329
170  6.020038
171  6.957607
172  6.793569
173  7.871266
174  8.769132
175  7.516556
176  6.527340
177  6.508619
178  7.026335
179  6.260106
180  6.286139
181  6.568381
182  7.229956
183  8.626667
184  8.034510
185  7.207609
186  6.606217
187  6.542383
188  6.339542
189  6.457786
190  6.525253
191  6.515106
192  6.585981
193  7.572374
194  7.877705
195  8.100175
196  7.840099
197  7.960620
198  8.055384
199  9.105037
200  6.397996
201  6.455032
202  7.001697
203  6.335438
204  6.472121
205  5.719813
206  6.909778
207  7.115399
208  6.883541
209  6.780006
210  6.735769
211  7.432245
212  7.419028
213  7.257842
214  6.731629
215  6.928531
216  6.947589
217  6.489122
218  6.547614
219  7.142747
220  7.491203
221  7.500503
222  7.508311
223  6.905791
224  6.925931
225  6.550819
226  6.707676
227  6.781465
228  6.324770
229  6.841293
230  7.307662
231  7.335079
232  8.259655
233  8.120915
234  8.459455
235  5.965471
236  6.898475
237  6.673883
238  7.252995
239  7.433331
240  7.331505
241  7.277177
242  8.486153
243  9.370610
244  9.069292
245  9.639746
246  9.579215
247  9.469477
248  9.762181
249  9.681962
250  9.935453
251  9.759944
252  9.893831
253  9.639431
254  9.586579
255  9.729460
256  9.377386
257  9.670372
258  9.857321
259 10.092913
260 10.236301
261 10.280727
262 10.396925
263 10.516007
264 10.428979
265 10.492922

, , 4 comps

      Y_final
1    5.793030
2    4.415636
3    5.017704
4    6.472806
5    6.862141
6    6.062260
7    6.461521
8    6.064151
9    5.684314
10   6.792182
11   6.362373
12   6.655197
13   6.146736
14   7.312512
15   7.356817
16   6.797433
17   6.052077
18   5.908587
19   5.524322
20   6.070907
21   6.242726
22   6.418100
23   6.255415
24   6.420817
25   6.652967
26   6.481835
27   6.491797
28   6.553644
29   6.459413
30   6.590166
31   6.241782
32   6.108136
33   6.285780
34   5.881982
35   6.286491
36   6.245972
37   6.378002
38   6.538228
39   5.862596
40   6.473825
41   6.789876
42   6.666047
43   7.147444
44   7.229393
45   6.955235
46   7.108340
47   6.807161
48   6.916042
49   6.873777
50   6.937132
51   6.633133
52   6.417182
53   6.599496
54   7.091328
55   6.752766
56   7.097324
57   7.268436
58   6.848254
59   6.891598
60   8.448154
61   7.791375
62   7.737036
63   7.641131
64   7.356603
65   6.990862
66   7.196934
67   7.544009
68   6.898384
69   7.251366
70   7.496896
71   7.588349
72   7.776830
73   7.237662
74   7.888607
75   7.871958
76   7.969635
77   7.981315
78   7.981947
79   7.497081
80   7.730132
81   7.493658
82   7.501686
83   7.484234
84   8.175290
85   7.793542
86   7.446857
87   7.694535
88   7.292444
89   8.008704
90   7.251886
91   6.844399
92   6.780768
93   6.134007
94   6.573837
95   7.423571
96   7.406473
97   6.842650
98   6.926939
99   6.929029
100  6.752519
101  6.932238
102  7.074673
103  6.638644
104  7.191883
105  7.081695
106  7.239900
107  7.175221
108  7.261980
109  7.087698
110  7.035624
111  6.067522
112  6.373831
113  6.549464
114  6.780421
115  6.895576
116  6.396129
117  6.819272
118  6.168132
119  6.950924
120  7.391340
121  6.698563
122  6.271885
123  6.387247
124  6.489259
125  7.407984
126  7.255709
127  7.874146
128  7.551407
129  6.497900
130  6.605907
131  7.149588
132  7.358524
133  7.237741
134  7.402014
135  6.432681
136  8.387268
137  8.372918
138  7.485205
139  8.058789
140  7.748112
141  7.566455
142  6.709907
143  8.071944
144  7.289671
145  8.731599
146  8.722678
147  8.571651
148  8.838913
149  8.612667
150  8.857611
151  8.684409
152  9.087810
153  7.986149
154  8.056074
155  7.399666
156  6.411506
157  6.562866
158  6.510360
159  6.523286
160  5.954031
161  5.585693
162  6.496868
163  6.209255
164  6.302422
165  6.442725
166  7.665708
167  6.545441
168  6.372168
169  6.194329
170  6.020038
171  6.957607
172  6.793569
173  7.871266
174  8.769132
175  7.516556
176  6.527340
177  6.508619
178  7.026335
179  6.260106
180  6.286139
181  6.568381
182  7.229956
183  8.626667
184  8.034510
185  7.207609
186  6.606217
187  6.542383
188  6.339542
189  6.457786
190  6.525253
191  6.515106
192  6.585981
193  7.572374
194  7.877705
195  8.100175
196  7.840099
197  7.960620
198  8.055384
199  9.105037
200  6.397996
201  6.455032
202  7.001697
203  6.335438
204  6.472121
205  5.719813
206  6.909778
207  7.115399
208  6.883541
209  6.780006
210  6.735769
211  7.432245
212  7.419028
213  7.257842
214  6.731629
215  6.928531
216  6.947589
217  6.489122
218  6.547614
219  7.142747
220  7.491203
221  7.500503
222  7.508311
223  6.905791
224  6.925931
225  6.550819
226  6.707676
227  6.781465
228  6.324770
229  6.841293
230  7.307662
231  7.335079
232  8.259655
233  8.120915
234  8.459455
235  5.965471
236  6.898475
237  6.673883
238  7.252995
239  7.433331
240  7.331505
241  7.277177
242  8.486153
243  9.370610
244  9.069292
245  9.639746
246  9.579215
247  9.469477
248  9.762181
249  9.681962
250  9.935453
251  9.759944
252  9.893831
253  9.639431
254  9.586579
255  9.729460
256  9.377386
257  9.670372
258  9.857321
259 10.092913
260 10.236301
261 10.280727
262 10.396925
263 10.516007
264 10.428979
265 10.492922

, , 4 comps

      Y_final
1    5.793030
2    4.415636
3    5.017704
4    6.472806
5    6.862141
6    6.062260
7    6.461521
8    6.064151
9    5.684314
10   6.792182
11   6.362373
12   6.655197
13   6.146736
14   7.312512
15   7.356817
16   6.797433
17   6.052077
18   5.908587
19   5.524322
20   6.070907
21   6.242726
22   6.418100
23   6.255415
24   6.420817
25   6.652967
26   6.481835
27   6.491797
28   6.553644
29   6.459413
30   6.590166
31   6.241782
32   6.108136
33   6.285780
34   5.881982
35   6.286491
36   6.245972
37   6.378002
38   6.538228
39   5.862596
40   6.473825
41   6.789876
42   6.666047
43   7.147444
44   7.229393
45   6.955235
46   7.108340
47   6.807161
48   6.916042
49   6.873777
50   6.937132
51   6.633133
52   6.417182
53   6.599496
54   7.091328
55   6.752766
56   7.097324
57   7.268436
58   6.848254
59   6.891598
60   8.448154
61   7.791375
62   7.737036
63   7.641131
64   7.356603
65   6.990862
66   7.196934
67   7.544009
68   6.898384
69   7.251366
70   7.496896
71   7.588349
72   7.776830
73   7.237662
74   7.888607
75   7.871958
76   7.969635
77   7.981315
78   7.981947
79   7.497081
80   7.730132
81   7.493658
82   7.501686
83   7.484234
84   8.175290
85   7.793542
86   7.446857
87   7.694535
88   7.292444
89   8.008704
90   7.251886
91   6.844399
92   6.780768
93   6.134007
94   6.573837
95   7.423571
96   7.406473
97   6.842650
98   6.926939
99   6.929029
100  6.752519
101  6.932238
102  7.074673
103  6.638644
104  7.191883
105  7.081695
106  7.239900
107  7.175221
108  7.261980
109  7.087698
110  7.035624
111  6.067522
112  6.373831
113  6.549464
114  6.780421
115  6.895576
116  6.396129
117  6.819272
118  6.168132
119  6.950924
120  7.391340
121  6.698563
122  6.271885
123  6.387247
124  6.489259
125  7.407984
126  7.255709
127  7.874146
128  7.551407
129  6.497900
130  6.605907
131  7.149588
132  7.358524
133  7.237741
134  7.402014
135  6.432681
136  8.387268
137  8.372918
138  7.485205
139  8.058789
140  7.748112
141  7.566455
142  6.709907
143  8.071944
144  7.289671
145  8.731599
146  8.722678
147  8.571651
148  8.838913
149  8.612667
150  8.857611
151  8.684409
152  9.087810
153  7.986149
154  8.056074
155  7.399666
156  6.411506
157  6.562866
158  6.510360
159  6.523286
160  5.954031
161  5.585693
162  6.496868
163  6.209255
164  6.302422
165  6.442725
166  7.665708
167  6.545441
168  6.372168
169  6.194329
170  6.020038
171  6.957607
172  6.793569
173  7.871266
174  8.769132
175  7.516556
176  6.527340
177  6.508619
178  7.026335
179  6.260106
180  6.286139
181  6.568381
182  7.229956
183  8.626667
184  8.034510
185  7.207609
186  6.606217
187  6.542383
188  6.339542
189  6.457786
190  6.525253
191  6.515106
192  6.585981
193  7.572374
194  7.877705
195  8.100175
196  7.840099
197  7.960620
198  8.055384
199  9.105037
200  6.397996
201  6.455032
202  7.001697
203  6.335438
204  6.472121
205  5.719813
206  6.909778
207  7.115399
208  6.883541
209  6.780006
210  6.735769
211  7.432245
212  7.419028
213  7.257842
214  6.731629
215  6.928531
216  6.947589
217  6.489122
218  6.547614
219  7.142747
220  7.491203
221  7.500503
222  7.508311
223  6.905791
224  6.925931
225  6.550819
226  6.707676
227  6.781465
228  6.324770
229  6.841293
230  7.307662
231  7.335079
232  8.259655
233  8.120915
234  8.459455
235  5.965471
236  6.898475
237  6.673883
238  7.252995
239  7.433331
240  7.331505
241  7.277177
242  8.486153
243  9.370610
244  9.069292
245  9.639746
246  9.579215
247  9.469477
248  9.762181
249  9.681962
250  9.935453
251  9.759944
252  9.893831
253  9.639431
254  9.586579
255  9.729460
256  9.377386
257  9.670372
258  9.857321
259 10.092913
260 10.236301
261 10.280727
262 10.396925
263 10.516007
264 10.428979
265 10.492922

, , 4 comps

      Y_final
1    5.793030
2    4.415636
3    5.017704
4    6.472806
5    6.862141
6    6.062260
7    6.461521
8    6.064151
9    5.684314
10   6.792182
11   6.362373
12   6.655197
13   6.146736
14   7.312512
15   7.356817
16   6.797433
17   6.052077
18   5.908587
19   5.524322
20   6.070907
21   6.242726
22   6.418100
23   6.255415
24   6.420817
25   6.652967
26   6.481835
27   6.491797
28   6.553644
29   6.459413
30   6.590166
31   6.241782
32   6.108136
33   6.285780
34   5.881982
35   6.286491
36   6.245972
37   6.378002
38   6.538228
39   5.862596
40   6.473825
41   6.789876
42   6.666047
43   7.147444
44   7.229393
45   6.955235
46   7.108340
47   6.807161
48   6.916042
49   6.873777
50   6.937132
51   6.633133
52   6.417182
53   6.599496
54   7.091328
55   6.752766
56   7.097324
57   7.268436
58   6.848254
59   6.891598
60   8.448154
61   7.791375
62   7.737036
63   7.641131
64   7.356603
65   6.990862
66   7.196934
67   7.544009
68   6.898384
69   7.251366
70   7.496896
71   7.588349
72   7.776830
73   7.237662
74   7.888607
75   7.871958
76   7.969635
77   7.981315
78   7.981947
79   7.497081
80   7.730132
81   7.493658
82   7.501686
83   7.484234
84   8.175290
85   7.793542
86   7.446857
87   7.694535
88   7.292444
89   8.008704
90   7.251886
91   6.844399
92   6.780768
93   6.134007
94   6.573837
95   7.423571
96   7.406473
97   6.842650
98   6.926939
99   6.929029
100  6.752519
101  6.932238
102  7.074673
103  6.638644
104  7.191883
105  7.081695
106  7.239900
107  7.175221
108  7.261980
109  7.087698
110  7.035624
111  6.067522
112  6.373831
113  6.549464
114  6.780421
115  6.895576
116  6.396129
117  6.819272
118  6.168132
119  6.950924
120  7.391340
121  6.698563
122  6.271885
123  6.387247
124  6.489259
125  7.407984
126  7.255709
127  7.874146
128  7.551407
129  6.497900
130  6.605907
131  7.149588
132  7.358524
133  7.237741
134  7.402014
135  6.432681
136  8.387268
137  8.372918
138  7.485205
139  8.058789
140  7.748112
141  7.566455
142  6.709907
143  8.071944
144  7.289671
145  8.731599
146  8.722678
147  8.571651
148  8.838913
149  8.612667
150  8.857611
151  8.684409
152  9.087810
153  7.986149
154  8.056074
155  7.399666
156  6.411506
157  6.562866
158  6.510360
159  6.523286
160  5.954031
161  5.585693
162  6.496868
163  6.209255
164  6.302422
165  6.442725
166  7.665708
167  6.545441
168  6.372168
169  6.194329
170  6.020038
171  6.957607
172  6.793569
173  7.871266
174  8.769132
175  7.516556
176  6.527340
177  6.508619
178  7.026335
179  6.260106
180  6.286139
181  6.568381
182  7.229956
183  8.626667
184  8.034510
185  7.207609
186  6.606217
187  6.542383
188  6.339542
189  6.457786
190  6.525253
191  6.515106
192  6.585981
193  7.572374
194  7.877705
195  8.100175
196  7.840099
197  7.960620
198  8.055384
199  9.105037
200  6.397996
201  6.455032
202  7.001697
203  6.335438
204  6.472121
205  5.719813
206  6.909778
207  7.115399
208  6.883541
209  6.780006
210  6.735769
211  7.432245
212  7.419028
213  7.257842
214  6.731629
215  6.928531
216  6.947589
217  6.489122
218  6.547614
219  7.142747
220  7.491203
221  7.500503
222  7.508311
223  6.905791
224  6.925931
225  6.550819
226  6.707676
227  6.781465
228  6.324770
229  6.841293
230  7.307662
231  7.335079
232  8.259655
233  8.120915
234  8.459455
235  5.965471
236  6.898475
237  6.673883
238  7.252995
239  7.433331
240  7.331505
241  7.277177
242  8.486153
243  9.370610
244  9.069292
245  9.639746
246  9.579215
247  9.469477
248  9.762181
249  9.681962
250  9.935453
251  9.759944
252  9.893831
253  9.639431
254  9.586579
255  9.729460
256  9.377386
257  9.670372
258  9.857321
259 10.092913
260 10.236301
261 10.280727
262 10.396925
263 10.516007
264 10.428979
265 10.492922

       (Intercept)  1 comps  2 comps  3 comps  4 comps
CV           1.242   0.6948   0.6671   0.6247   0.6240
adjCV        1.242   0.6945   0.6669   0.6241   0.6233
R² = 0.7557246 
RMSE = 0.6114539 
[1] "/Users/sjro/Library/CloudStorage/Dropbox/BAS/Data/R"
null device 
          1 
[[1]]
 [1] "ggpmisc"      "ggpp"         "caret"        "lattice"      "pls"          "itraxR"       "grid"         "viridis"      "viridisLite" 
[10] "wesanderson"  "compositions" "ggsci"        "ggpubr"       "tidypaleo"    "lubridate"    "forcats"      "stringr"      "dplyr"       
[19] "purrr"        "readr"        "tidyr"        "tibble"       "ggplot2"      "tidyverse"    "stats"        "graphics"     "grDevices"   
[28] "utils"        "datasets"     "methods"      "base"        

[[2]]
 [1] "ggpmisc"      "ggpp"         "caret"        "lattice"      "pls"          "itraxR"       "grid"         "viridis"      "viridisLite" 
[10] "wesanderson"  "compositions" "ggsci"        "ggpubr"       "tidypaleo"    "lubridate"    "forcats"      "stringr"      "dplyr"       
[19] "purrr"        "readr"        "tidyr"        "tibble"       "ggplot2"      "tidyverse"    "stats"        "graphics"     "grDevices"   
[28] "utils"        "datasets"     "methods"      "base"        

[[3]]
 [1] "ggpmisc"      "ggpp"         "caret"        "lattice"      "pls"          "itraxR"       "grid"         "viridis"      "viridisLite" 
[10] "wesanderson"  "compositions" "ggsci"        "ggpubr"       "tidypaleo"    "lubridate"    "forcats"      "stringr"      "dplyr"       
[19] "purrr"        "readr"        "tidyr"        "tibble"       "ggplot2"      "tidyverse"    "stats"        "graphics"     "grDevices"   
[28] "utils"        "datasets"     "methods"      "base"        

[[4]]
 [1] "ggpmisc"      "ggpp"         "caret"        "lattice"      "pls"          "itraxR"       "grid"         "viridis"      "viridisLite" 
[10] "wesanderson"  "compositions" "ggsci"        "ggpubr"       "tidypaleo"    "lubridate"    "forcats"      "stringr"      "dplyr"       
[19] "purrr"        "readr"        "tidyr"        "tibble"       "ggplot2"      "tidyverse"    "stats"        "graphics"     "grDevices"   
[28] "utils"        "datasets"     "methods"      "base"        

[[5]]
 [1] "ggpmisc"      "ggpp"         "caret"        "lattice"      "pls"          "itraxR"       "grid"         "viridis"      "viridisLite" 
[10] "wesanderson"  "compositions" "ggsci"        "ggpubr"       "tidypaleo"    "lubridate"    "forcats"      "stringr"      "dplyr"       
[19] "purrr"        "readr"        "tidyr"        "tibble"       "ggplot2"      "tidyverse"    "stats"        "graphics"     "grDevices"   
[28] "utils"        "datasets"     "methods"      "base"        

[[6]]
 [1] "ggpmisc"      "ggpp"         "caret"        "lattice"      "pls"          "itraxR"       "grid"         "viridis"      "viridisLite" 
[10] "wesanderson"  "compositions" "ggsci"        "ggpubr"       "tidypaleo"    "lubridate"    "forcats"      "stringr"      "dplyr"       
[19] "purrr"        "readr"        "tidyr"        "tibble"       "ggplot2"      "tidyverse"    "stats"        "graphics"     "grDevices"   
[28] "utils"        "datasets"     "methods"      "base"        

[[7]]
 [1] "ggpmisc"      "ggpp"         "caret"        "lattice"      "pls"          "itraxR"       "grid"         "viridis"      "viridisLite" 
[10] "wesanderson"  "compositions" "ggsci"        "ggpubr"       "tidypaleo"    "lubridate"    "forcats"      "stringr"      "dplyr"       
[19] "purrr"        "readr"        "tidyr"        "tibble"       "ggplot2"      "tidyverse"    "stats"        "graphics"     "grDevices"   
[28] "utils"        "datasets"     "methods"      "base"        

[[8]]
 [1] "ggpmisc"      "ggpp"         "caret"        "lattice"      "pls"          "itraxR"       "grid"         "viridis"      "viridisLite" 
[10] "wesanderson"  "compositions" "ggsci"        "ggpubr"       "tidypaleo"    "lubridate"    "forcats"      "stringr"      "dplyr"       
[19] "purrr"        "readr"        "tidyr"        "tibble"       "ggplot2"      "tidyverse"    "stats"        "graphics"     "grDevices"   
[28] "utils"        "datasets"     "methods"      "base"        

[[9]]
 [1] "ggpmisc"      "ggpp"         "caret"        "lattice"      "pls"          "itraxR"       "grid"         "viridis"      "viridisLite" 
[10] "wesanderson"  "compositions" "ggsci"        "ggpubr"       "tidypaleo"    "lubridate"    "forcats"      "stringr"      "dplyr"       
[19] "purrr"        "readr"        "tidyr"        "tibble"       "ggplot2"      "tidyverse"    "stats"        "graphics"     "grDevices"   
[28] "utils"        "datasets"     "methods"      "base"        

[[10]]
 [1] "ggpmisc"      "ggpp"         "caret"        "lattice"      "pls"          "itraxR"       "grid"         "viridis"      "viridisLite" 
[10] "wesanderson"  "compositions" "ggsci"        "ggpubr"       "tidypaleo"    "lubridate"    "forcats"      "stringr"      "dplyr"       
[19] "purrr"        "readr"        "tidyr"        "tibble"       "ggplot2"      "tidyverse"    "stats"        "graphics"     "grDevices"   
[28] "utils"        "datasets"     "methods"      "base"        

[[11]]
 [1] "ggpmisc"      "ggpp"         "caret"        "lattice"      "pls"          "itraxR"       "grid"         "viridis"      "viridisLite" 
[10] "wesanderson"  "compositions" "ggsci"        "ggpubr"       "tidypaleo"    "lubridate"    "forcats"      "stringr"      "dplyr"       
[19] "purrr"        "readr"        "tidyr"        "tibble"       "ggplot2"      "tidyverse"    "stats"        "graphics"     "grDevices"   
[28] "utils"        "datasets"     "methods"      "base"        

[[12]]
 [1] "ggpmisc"      "ggpp"         "caret"        "lattice"      "pls"          "itraxR"       "grid"         "viridis"      "viridisLite" 
[10] "wesanderson"  "compositions" "ggsci"        "ggpubr"       "tidypaleo"    "lubridate"    "forcats"      "stringr"      "dplyr"       
[19] "purrr"        "readr"        "tidyr"        "tibble"       "ggplot2"      "tidyverse"    "stats"        "graphics"     "grDevices"   
[28] "utils"        "datasets"     "methods"      "base"        

indexing ACE_subsample_xrf_icp_matched_log_inc.csv [=========================================================================] 102.83GB/s, eta:  0s                                                                                                                                                   # A tibble: 265 × 111
   Location    Site  Section sample min_depth max_depth midpoint depth depth_err SH20_min_age_95CI SH20_max_age_95CI SH20_median_age SH20_mean_age
   <chr>       <chr> <chr>    <dbl>     <dbl>     <dbl>    <dbl> <dbl>     <dbl>             <dbl>             <dbl>           <dbl>         <dbl>
 1 Bird Island BI10  BI10.1       1       0         1.1      0.6   0.6     0.55                -67               -52             -61           -61
 2 Bird Island BI10  BI10.1       4       3.9       5        4.5   4.5     0.55                -62                41             -24           -20
 3 Bird Island BI10  BI10.1      10      11.7      12.8     12.3  12.3     0.55                -33               189              50            60
 4 Bird Island BI10  BI10.1      22      26.7      27.8     27.2  27.2     0.525                82               372             212           214
 5 Bird Island BI10  BI10.1      30      36.3      37.2     36.7  36.7     0.475               182               468             347           340
 6 Bird Island BI10  BI10.1      34      40.9      41.9     41.4  41.4     0.5                 244               520             411           404
 7 Bird Island BI10  BI10.2      51      45.9      46.9     46.4  46.4     0.5                 374               544             470           467
 8 Bird Island BI10  BI10.2      54      49.3      50.3     49.8  49.8     0.5                 431               612             509           509
 9 Bird Island BI10  BI10.2      62      58.4      59.4     58.9  58.9     0.5                 517              1000             723           731
10 Bird Island BI10  BI10.2      67      64.1      65.2     64.6  64.6     0.525               707              1112             883           891
# ℹ 255 more rows
# ℹ 98 more variables: SH20_mean_95CI <dbl>, accrate <dbl>, accrate_err <dbl>, kcps <dbl>, cps <dbl>, MSE <dbl>, K <dbl>, K_sd <dbl>, Ca <dbl>,
#   Ca_sd <dbl>, Ti <dbl>, Ti_sd <dbl>, Mn <dbl>, Mn_sd <dbl>, Fe <dbl>, Fe_sd <dbl>, Co <dbl>, Co_sd <dbl>, Ni <dbl>, Ni_sd <dbl>, Cu <dbl>,
#   Cu_sd <dbl>, Zn <dbl>, Zn_sd <dbl>, Rb <dbl>, Rb_sd <dbl>, Sr <dbl>, Sr_sd <dbl>, Zr <dbl>, Zr_sd <dbl>, Mo_inc <dbl>, Mo_coh <dbl>,
#   inc_coh <dbl>, Ln_inc_coh <dbl>, coh_inc <dbl>, Ln_coh_inc <dbl>, Total_scatter <dbl>, kcps_sd <dbl>, cps_sd <dbl>, MSE_sd <dbl>,
#   Mo_inc_sd <dbl>, Mo_coh_sd <dbl>, inc_coh_sd <dbl>, Ln_inc_coh_sd <dbl>, coh_inc_sd <dbl>, Ln_coh_inc_sd <dbl>, Total_scatter_sd <dbl>,
#   Water_Content <dbl>, Dry_mass <dbl>, Dry_mass_err <dbl>, LOI550 <dbl>, LOI550_err <dbl>, C_org_pc <dbl>, C_org_pc_err <dbl>, Volume <dbl>, …
# ℹ Use `print(n = ...)` to see more rows
# A tibble: 265 × 111
   Location    Site  Section sample min_depth max_depth midpoint depth depth_err SH20_min_age_95CI SH20_max_age_95CI SH20_median_age SH20_mean_age
   <chr>       <chr> <chr>    <dbl>     <dbl>     <dbl>    <dbl> <dbl>     <dbl>             <dbl>             <dbl>           <dbl>         <dbl>
 1 Bird Island BI10  BI10.1       1       0         1.1      0.6   0.6     0.55                -67               -52             -61           -61
 2 Bird Island BI10  BI10.1       4       3.9       5        4.5   4.5     0.55                -62                41             -24           -20
 3 Bird Island BI10  BI10.1      10      11.7      12.8     12.3  12.3     0.55                -33               189              50            60
 4 Bird Island BI10  BI10.1      22      26.7      27.8     27.2  27.2     0.525                82               372             212           214
 5 Bird Island BI10  BI10.1      30      36.3      37.2     36.7  36.7     0.475               182               468             347           340
 6 Bird Island BI10  BI10.1      34      40.9      41.9     41.4  41.4     0.5                 244               520             411           404
 7 Bird Island BI10  BI10.2      51      45.9      46.9     46.4  46.4     0.5                 374               544             470           467
 8 Bird Island BI10  BI10.2      54      49.3      50.3     49.8  49.8     0.5                 431               612             509           509
 9 Bird Island BI10  BI10.2      62      58.4      59.4     58.9  58.9     0.5                 517              1000             723           731
10 Bird Island BI10  BI10.2      67      64.1      65.2     64.6  64.6     0.525               707              1112             883           891
# ℹ 255 more rows
# ℹ 98 more variables: SH20_mean_95CI <dbl>, accrate <dbl>, accrate_err <dbl>, kcps <dbl>, cps <dbl>, MSE <dbl>, K <dbl>, K_sd <dbl>, Ca <dbl>,
#   Ca_sd <dbl>, Ti <dbl>, Ti_sd <dbl>, Mn <dbl>, Mn_sd <dbl>, Fe <dbl>, Fe_sd <dbl>, Co <dbl>, Co_sd <dbl>, Ni <dbl>, Ni_sd <dbl>, Cu <dbl>,
#   Cu_sd <dbl>, Zn <dbl>, Zn_sd <dbl>, Rb <dbl>, Rb_sd <dbl>, Sr <dbl>, Sr_sd <dbl>, Zr <dbl>, Zr_sd <dbl>, Mo_inc <dbl>, Mo_coh <dbl>,
#   inc_coh <dbl>, Ln_inc_coh <dbl>, coh_inc <dbl>, Ln_coh_inc <dbl>, Total_scatter <dbl>, kcps_sd <dbl>, cps_sd <dbl>, MSE_sd <dbl>,
#   Mo_inc_sd <dbl>, Mo_coh_sd <dbl>, inc_coh_sd <dbl>, Ln_inc_coh_sd <dbl>, coh_inc_sd <dbl>, Ln_coh_inc_sd <dbl>, Total_scatter_sd <dbl>,
#   Water_Content <dbl>, Dry_mass <dbl>, Dry_mass_err <dbl>, LOI550 <dbl>, LOI550_err <dbl>, C_org_pc <dbl>, C_org_pc_err <dbl>, Volume <dbl>, …
# ℹ Use `print(n = ...)` to see more rows
# A tibble: 265 × 27
   Site  depth SH20_mean_age SH20_mean_95CI     K K_ICP    Ca Ca_ICP    Ti Ti_ICP    Mn Mn_ICP    Fe Fe_ICP     Zn Zn_ICP    Rb Rb_ICP    Sr Sr_ICP
   <chr> <dbl>         <dbl>          <dbl> <dbl> <dbl> <dbl>  <dbl> <dbl>  <dbl> <dbl>  <dbl> <dbl>  <dbl>  <dbl>  <dbl> <dbl>  <dbl> <dbl>  <dbl>
 1 BI10    0.6           -61              7 -8.39  7.49 -6.81   7.35 -7.82   4.90 -7.76   3.54 -1.95   9.54  -8.47   3.13 -7.29  0.828 -7.19   3.28
 2 BI10    4.5           -20             52 -8.38  7.19 -6.96   7.24 -8.17   4.38 -7.15   3.33 -2.19   9.14 -11.3    2.53 -6.69  0.422 -9.99   3.22
 3 BI10   12.3            60            111 -8.36  7.34 -6.61   7.84 -8.12   5.83 -8.09   3.62 -3.58   8.28  -9.18   2.64 -7.29  1.48  -8.32   3.84
 4 BI10   27.2           214            145 -8.19  8.51 -5.79   8.76 -7.15   6.98 -7.27   4.09 -3.31   8.43  -6.11   4.42 -6.31  2.95  -5.10   4.80
 5 BI10   36.7           340            143 -7.29  9.71 -5.18   9.04 -6.24   7.58 -6.77   5.00 -1.57   9.83  -6.25   4.50 -6.71  3.77  -4.70   5.01
 6 BI10   41.4           404            138 -8.21  9.29 -5.47   9.04 -7.11   7.34 -7.02   5.00 -1.34  10.4   -7.75   4.42 -8.88  3.05  -5.62   4.98
 7 BI10   46.4           467             85 -8.28  7.82 -5.22   8.85 -6.74   5.71 -6.98   4.02 -1.65  10.2   -5.37   5.04 -6.50  1.66  -4.94   4.71
 8 BI10   49.8           509             91 -8.15 10.1  -5.31   8.90 -7.27   7.55 -7.22   5.46 -2.29   9.93  -8.00   4.04 -6.81  4.07  -5.28   5.04
 9 BI10   58.9           731            242 -9.09  6.77 -5.49   8.67 -7.86   5.42 -7.01   3.60 -3.72   7.76  -5.73   4.69 -7.95  1.27  -5.33   4.58
10 BI10   64.6           891            203 -7.74  8.96 -5.09   9.11 -6.62   7.27 -6.72   4.48 -2.76   8.74  -4.48   5.57 -5.81  3.41  -4.27   5.12
# ℹ 255 more rows
# ℹ 7 more variables: Zr <dbl>, Zr_ICP <dbl>, Mo_inc <dbl>, Mo_coh <dbl>, inc_coh <dbl>, coh_inc <dbl>, Dry_mass <dbl>
# ℹ Use `print(n = ...)` to see more rows
Optimal number of components LOO: 5 
Data: 	X dimension: 265 6 
	Y dimension: 265 1
Fit method: kernelpls
Number of components considered: 6

VALIDATION: RMSEP
Cross-validated using 265 leave-one-out segments.
       (Intercept)  1 comps  2 comps  3 comps  4 comps  5 comps  6 comps
CV           1.242   0.7258   0.6649   0.6389   0.6255   0.6207   0.6221
adjCV        1.242   0.7258   0.6649   0.6389   0.6255   0.6207   0.6221

TRAINING: % variance explained
        1 comps  2 comps  3 comps  4 comps  5 comps  6 comps
X         78.29    89.26    93.03    96.44    98.08   100.00
Y_test    66.12    72.12    75.21    76.61    76.65    76.66
Response Y_test (5 comps):
    Estimate Std. Error  Df t value        Pr(>|t|)    
Ti  1.056297   0.163685 264  6.4533 0.0000000005211 ***
Ca -0.509295   0.164856 264 -3.0893       0.0022203 ** 
Mn  0.132289   0.170302 264  0.7768       0.4379775    
Fe -0.190590   0.071473 264 -2.6666       0.0081353 ** 
Sr  0.464236   0.127769 264  3.6334       0.0003361 ***
Zr  0.123742   0.080603 264  1.5352       0.1259316    
---
Signif. codes:  0 ‘***’ 0.001 ‘**’ 0.01 ‘*’ 0.05 ‘.’ 0.1 ‘ ’ 1
Optimal number of components CV: 5 
Data: 	X dimension: 265 6 
	Y dimension: 265 1
Fit method: kernelpls
Number of components considered: 6

VALIDATION: RMSEP
Cross-validated using 10 random segments.
       (Intercept)  1 comps  2 comps  3 comps  4 comps  5 comps  6 comps
CV           1.242   0.7249   0.6669   0.6447   0.6318   0.6278   0.6287
adjCV        1.242   0.7248   0.6663   0.6434   0.6298   0.6261   0.6269

TRAINING: % variance explained
        1 comps  2 comps  3 comps  4 comps  5 comps  6 comps
X         78.29    89.26    93.03    96.44    98.08   100.00
Y_test    66.12    72.12    75.21    76.61    76.65    76.66
[1] "/Users/sjro/Library/CloudStorage/Dropbox/BAS/Data/R"
