"depth","SH20_mean_age","surface","kcps","cps","MSE","K","Ca","Ti","Mn","Fe","Zn","Rb","Sr","Zr","Mo_inc","Mo_coh","inc_coh","coh_inc","Total_scatter"
0.1,-63.4,7.46,19704,50127,1.34,0,24,0,22,5616,0,0,0,847,36383,5374,6.770189803,0.147706346,41757
0.2,-61.7,7.48,19718,50612,1.39,0,66,7,32,6345,0,25,0,640,36193,5281,6.853436849,0.145912193,41474
0.3,-60.1,7.5,19924,50481,1.2,0,28,0,12,5863,36,0,0,850,36305,5459,6.650485437,0.150364964,41764
0.4,-58.6,7.52,20433,52629,1.37,27,59,48,9,6854,0,0,105,621,37317,5702,6.544545773,0.152798992,43019
0.5,-57,7.52,20192,50683,1.31,8,52,35,20,5177,0,0,31,584,37283,5505,6.772570391,0.147654427,42788
0.6,-55.5,7.51,20422,51345,1.32,23,43,0,25,4378,0,5,0,887,38465,5552,6.928134006,0.144339009,44017
0.7,-53.9,7.48,21569,53000,1.27,0,22,0,17,4157,52,0,0,807,39999,5888,6.793308424,0.14720368,45887
0.8,-52.4,7.48,22053,54850,1.38,13,45,13,34,5856,0,88,0,854,39888,5603,7.11904337,0.140468311,45491
0.9,-50.8,7.51,20675,52835,1.33,14,61,20,0,5172,0,0,131,929,38630,5776,6.688019391,0.149521098,44406
1,-49.3,7.53,20757,52197,1.39,0,32,40,0,4631,0,98,0,945,39234,5520,7.107608696,0.140694296,44754
1.1,-47.7,7.5,22141,55665,1.32,10,30,5,9,5907,0,72,49,752,40654,5833,6.969655409,0.143479116,46487
1.2,-46.1,7.49,21695,54611,1.33,0,26,0,20,5463,0,72,0,941,40030,5806,6.894591802,0.145041219,45836
1.3,-44.6,7.51,21725,55614,1.37,7,48,0,39,6491,0,11,0,746,39911,5968,6.6875,0.14953271,45879
1.4,-43,7.51,21319,54727,1.34,12,58,28,27,6351,0,31,0,765,39156,5875,6.664851064,0.150040862,45031
1.5,-41.4,7.54,21311,56074,1.33,13,55,5,14,8070,0,0,76,846,39292,5789,6.787355329,0.14733279,45081
1.6,-39.8,7.57,21163,53422,1.35,0,38,0,0,5996,0,122,0,599,38950,5648,6.896246459,0.145006418,44598
1.7,-38.3,7.58,21090,53056,1.38,16,32,16,18,5431,11,0,0,827,39359,5542,7.101948755,0.140806423,44901
1.8,-36.7,7.59,21093,53106,1.42,17,44,22,0,4710,0,0,0,861,39243,5653,6.941977711,0.144051168,44896
1.9,-35.1,7.58,21223,52649,1.34,0,37,0,17,4656,0,20,0,834,39376,5701,6.906858446,0.144783625,45077
2,-33.6,7.58,21729,54454,1.27,0,55,8,19,5848,0,0,0,870,39719,5850,6.78957265,0.147284675,45569
2.1,-32,7.58,22073,55695,1.32,0,51,15,6,5778,0,0,196,720,40670,5908,6.883886256,0.145266781,46578
2.2,-30.4,7.59,22172,55100,1.34,16,52,0,32,5467,0,38,0,784,40519,5974,6.78255775,0.147437005,46493
2.3,-28.8,7.61,22196,55101,1.28,0,32,12,35,5328,0,54,0,630,41336,5755,7.182623805,0.139224889,47091
2.4,-27.2,7.62,22616,55584,1.38,34,50,16,43,5412,0,0,0,710,40790,6315,6.45922407,0.154817357,47105
2.5,-25.7,7.62,22901,57742,1.36,0,22,0,0,5817,0,14,0,899,42163,6245,6.751481185,0.148115646,48408
2.6,-24.1,7.63,22895,57183,1.42,5,39,0,36,5696,0,0,0,779,42165,5965,7.068734283,0.141468042,48130
2.7,-22.5,7.65,23449,58191,1.24,0,57,19,46,5575,0,0,0,810,43302,6283,6.891930606,0.145097224,49585
2.8,-20.9,7.66,23788,60176,1.32,14,57,20,72,6911,0,0,0,898,43236,6397,6.758793184,0.147955408,49633
2.9,-19.4,7.68,23421,58991,1.42,7,79,20,15,6687,0,92,0,913,42258,6270,6.739712919,0.148374272,48528
3,-17.8,7.67,23170,57641,1.33,0,58,0,22,5447,0,0,0,949,42577,6242,6.821050945,0.146604975,48819
3.1,-16.2,7.66,23818,60935,1.27,178,208,152,116,7156,0,0,0,919,43438,6374,6.814872921,0.146737879,49812
3.2,-14.6,7.65,24827,63214,1.23,106,89,71,59,6958,0,82,94,805,44904,6890,6.517271408,0.153438446,51794
3.3,-13,7.65,24712,61223,1.35,22,73,0,8,5703,0,0,0,806,44827,6629,6.762256751,0.147879626,51456
3.4,-11.5,7.67,23758,58939,1.19,17,84,0,40,5505,0,0,0,772,43772,6204,7.055448098,0.141734442,49976
3.5,-9.9,7.68,23605,61215,1.35,29,107,66,26,8678,0,106,0,831,43049,6135,7.016951915,0.142512021,49184
3.6,-8.3,7.69,24367,64087,1.31,27,108,50,72,9895,0,22,0,957,43637,6513,6.699984646,0.149254073,50150
3.7,-6.7,7.69,24164,60214,1.58,25,37,0,55,6052,0,124,0,928,44302,6457,6.861080997,0.145749628,50759
3.8,-5.1,7.69,23726,58135,1.31,0,28,9,47,4756,0,0,0,1050,44028,6087,7.233119763,0.13825293,50115
3.9,-3.5,7.68,23359,57116,1.28,14,48,41,29,3832,0,28,0,853,43459,6479,6.707670937,0.149083044,49938
4,-1.9,7.65,24215,60269,1.22,0,38,10,43,4548,0,7,0,1099,45196,6603,6.84476753,0.146097,51799
4.1,-0.4,7.63,24962,62359,1.43,13,53,27,51,6080,0,0,0,826,45871,6797,6.748712667,0.148176408,52668
4.2,1.2,7.63,24893,61204,1.26,4,36,21,72,5525,0,0,0,884,45253,6585,6.872133637,0.145515214,51838
4.3,2.8,7.65,24627,60990,1.29,11,28,0,40,5373,0,30,0,1019,44963,6610,6.802269289,0.147009764,51573
4.4,4.4,7.65,24719,60892,1.29,0,44,7,21,5319,0,0,0,786,45617,6595,6.916906748,0.144573295,52212
4.5,6,7.64,24669,61755,1.41,27,45,13,25,5327,0,79,25,1022,45719,7002,6.529420166,0.153152956,52721
4.6,7.6,7.63,25143,61747,1.4,21,46,0,18,5971,0,223,0,813,45689,6715,6.804020849,0.146971919,52404
4.7,9.2,7.61,24603,61057,1.33,20,58,19,28,5134,0,53,0,988,45768,6509,7.031494853,0.14221727,52277
4.8,10.8,7.6,24468,59906,1.37,6,63,0,66,4944,0,0,0,710,44964,6630,6.781900452,0.147451294,51594
4.9,12.4,7.58,24611,60338,1.33,9,20,0,18,5090,0,158,0,934,45332,6445,7.033669511,0.142173299,51777
5,14,7.56,23922,58453,1.25,0,38,16,17,3860,0,100,0,848,44884,6259,7.171113596,0.139448356,51143
5.1,15.8,7.56,24110,59450,1.32,5,59,9,27,5035,0,0,0,869,44413,6535,6.796174445,0.147141603,50948
5.2,17.5,7.56,24472,59253,1.3,0,58,0,0,4658,0,0,0,991,44154,6491,6.802341704,0.147008199,50645
5.3,19.1,7.56,24459,58573,1.24,9,45,5,65,4103,0,46,0,858,44552,6592,6.758495146,0.147961932,51144
5.4,20.6,7.56,24136,57845,1.32,11,44,0,28,3372,0,0,0,1038,44651,6291,7.097599746,0.140892701,50942
5.5,22.1,7.53,24271,58763,1.35,16,46,15,10,3792,0,0,0,1055,44722,6686,6.688902184,0.149501364,51408
5.6,23.7,7.5,24498,59836,1.25,0,57,0,40,3725,0,102,0,978,45369,6790,6.68173785,0.149661663,52159
5.7,25.4,7.49,25061,60932,1.49,6,51,12,37,4009,0,96,0,975,46476,6855,6.779868709,0.147495482,53331
5.8,27,7.5,24633,60050,1.67,14,56,0,13,3938,0,52,0,764,45805,6506,7.040424224,0.142036896,52311
5.9,28.6,7.51,24527,59033,1.27,0,41,0,50,3204,0,188,0,875,45542,6503,7.003229279,0.14279127,52045
6,30.3,7.53,24964,60810,1.43,7,32,26,17,4004,0,0,0,802,46355,6730,6.88781575,0.145183907,53085
6.1,31.9,7.54,24252,58311,1.42,16,44,0,0,3296,0,68,0,806,45060,6548,6.881490531,0.145317355,51608
6.2,33.6,7.55,23338,56500,1.47,15,37,29,34,3603,0,12,0,904,43037,6232,6.905808729,0.144805632,49269
6.3,35.2,7.55,23892,57091,1.52,0,37,24,12,3831,0,0,25,983,43300,6350,6.818897638,0.14665127,49650
6.4,36.8,7.56,23765,57274,1.49,15,45,9,24,3591,0,63,0,942,44402,6130,7.243393148,0.138056844,50532
6.5,38.5,7.6,23419,57604,1.3,0,41,10,26,3523,0,119,0,1116,43839,6300,6.958571429,0.143707658,50139
6.6,40.2,7.62,23505,57582,1.56,6,44,24,29,4014,0,0,0,857,43550,6294,6.919288211,0.144523536,49844
6.7,41.9,7.62,23379,57347,1.41,10,47,6,33,3947,0,28,67,1140,42960,6276,6.845124283,0.146089385,49236
6.8,43.6,7.6,24028,58383,1.33,5,8,0,9,4031,0,134,37,800,44119,6477,6.811641192,0.146807498,50596
6.9,45.2,7.58,24381,59173,1.5,7,44,0,24,3712,0,60,0,812,45044,6829,6.5959877,0.151607317,51873
7,46.8,7.58,24265,59141,1.31,9,5,0,9,3716,0,19,0,810,44885,6425,6.985992218,0.143143589,51310
7.1,48.4,7.58,24111,58947,1.31,6,72,24,10,3948,0,24,0,806,44214,6630,6.668778281,0.149952504,50844
7.2,50.1,7.57,23983,59864,1.49,0,44,16,39,4052,0,71,55,1069,44912,6532,6.875688916,0.145439971,51444
7.3,51.7,7.55,23841,57927,1.42,13,21,12,40,3985,0,0,0,1003,44070,6141,7.176355642,0.139346494,50211
7.4,53.4,7.53,24258,59077,1.37,0,35,0,0,4279,0,0,0,698,45036,6294,7.155386082,0.139754863,51330
7.5,55,7.51,24380,60537,1.36,16,27,0,32,3975,0,0,0,1033,45737,6815,6.711225238,0.149004089,52552
7.6,56.7,7.53,24397,59523,1.4,21,54,0,28,4068,0,0,0,958,45318,6551,6.917722485,0.144556247,51869
7.7,58.3,7.53,24331,60273,1.4,0,23,0,47,4751,0,0,0,652,45159,6404,7.051686446,0.141810049,51563
7.8,60,7.53,23962,58884,1.37,0,84,0,6,4896,0,81,38,795,43820,6046,7.247767119,0.137973528,49866
7.9,61.6,7.51,23460,58300,1.43,19,61,21,60,4211,0,119,0,804,43749,6230,7.022311396,0.142403255,49979
8,63.3,7.49,22918,57598,1.34,10,76,14,12,4641,0,144,0,868,42363,6413,6.605800717,0.151382102,48776
8.1,64.9,7.48,21711,55202,1.49,22,70,16,0,4058,0,49,0,830,41084,5961,6.892132193,0.14509298,47045
8.2,66.5,7.47,22231,57810,1.52,20,58,11,24,5913,42,0,0,977,41357,5967,6.930953578,0.144280291,47324
8.3,68.3,7.46,21896,55782,1.51,28,63,31,22,3919,0,122,0,941,41180,6093,6.758575414,0.147960175,47273
8.4,69.9,7.45,21770,55337,1.28,29,46,0,12,3791,15,0,0,954,40821,5929,6.884972171,0.14524387,46750
8.5,71.5,7.45,22516,58644,1.38,17,61,0,29,6226,0,0,0,1019,40882,5956,6.864002686,0.145687589,46838
8.6,73.2,7.42,20969,55574,1.43,20,73,12,0,6910,0,0,0,776,37474,5449,6.877225179,0.145407483,42923
8.7,74.8,7.39,20797,55856,1.48,32,67,22,11,7921,0,0,0,814,37667,5644,6.673812899,0.149839382,43311
8.8,76.5,7.36,22626,60750,1.43,11,54,11,9,11015,71,0,0,684,39395,6090,6.468801314,0.154588146,45485
8.9,78.1,7.37,22860,63863,1.24,62,169,27,51,13349,0,8,0,746,40038,6086,6.578705225,0.152005595,46124
9,79.7,7.41,21448,57636,1.37,49,157,49,44,7720,22,0,171,943,40032,6207,6.449492508,0.155050959,46239
9.1,81.4,7.43,22187,56323,1.35,10,49,38,10,5476,0,70,0,790,41381,6027,6.865936619,0.145646553,47408
9.2,83,7.47,22364,57076,1.43,5,72,46,0,6669,0,0,80,852,41090,6007,6.840352922,0.146191287,47097
9.3,84.6,7.5,22772,57268,1.31,9,35,20,24,5950,0,0,0,778,41276,6149,6.712636201,0.148972769,47425
9.5,87.8,7.57,21467,50959,1.52,15,49,0,29,2686,0,34,0,947,39376,5720,6.883916084,0.145266152,45096
9.6,89.4,7.58,21843,52651,1.3,17,45,0,9,2680,0,52,0,852,40548,5816,6.971801926,0.143434941,46364
9.7,91,7.59,22200,53301,1.27,6,25,18,7,2141,0,0,13,886,41479,6129,6.767661935,0.147761518,47608
9.8,92.7,7.59,21869,53564,1.23,0,60,5,42,2576,0,0,0,826,41434,6101,6.791345681,0.147246223,47535
9.9,94.2,7.6,21443,51917,1.36,6,32,0,0,1978,0,15,0,840,40865,6012,6.797238856,0.147118561,46877
10,95.8,7.62,22058,53000,1.33,0,22,32,0,2168,0,0,0,926,41664,6177,6.745021855,0.148257488,47841
10.1,97.4,7.62,22083,52658,1.31,0,16,0,29,1665,0,0,0,482,42044,5970,7.042546064,0.141994101,48014
10.2,99,7.62,22737,54876,1.47,25,48,0,15,1784,0,0,0,830,43101,6356,6.781151668,0.147467576,49457
10.3,100.6,7.6,22564,54739,1.25,5,45,0,0,1583,0,54,0,949,43457,6342,6.852254809,0.145937363,49799
10.4,102.2,7.58,23090,55229,1.22,0,57,7,26,1588,0,0,0,937,43742,6324,6.916824794,0.144575008,50066
10.5,103.8,7.57,23094,56447,1.22,0,62,0,24,2054,0,195,0,996,43741,6435,6.797358197,0.147115978,50176
10.6,105.5,7.57,22459,55651,1.37,11,32,4,37,1801,17,89,17,867,43689,6469,6.753594064,0.148069308,50158
10.7,107,7.57,22564,54798,1.36,11,39,56,0,1481,0,109,0,968,43478,6271,6.9331845,0.144233865,49749
10.8,108.6,7.54,23028,56432,1.28,10,67,4,8,1821,0,0,118,1144,43851,6234,7.034167469,0.142163235,50085
10.9,110.2,7.52,22394,55248,1.15,0,58,0,6,1720,0,37,60,979,43659,6175,7.070283401,0.141437046,49834
11,111.9,7.49,22762,55378,1.32,0,46,10,21,1541,69,0,0,979,43611,6339,6.879791765,0.145353237,49950
11.1,113.6,7.46,22594,54223,1.24,5,59,42,38,1569,7,35,0,864,42701,6233,6.85079416,0.145968478,48934
11.2,115.1,7.44,23055,55338,1.34,11,85,19,38,1451,0,21,0,975,43681,6237,7.003527337,0.142785193,49918
11.3,116.7,7.45,22904,54497,1.18,7,63,42,29,1576,0,0,0,924,43034,6116,7.036298234,0.142120184,49150
11.4,118.4,7.45,22541,54056,1.29,0,62,16,8,1266,0,134,41,818,43062,6013,7.161483453,0.139635874,49075
11.5,119.9,7.45,21960,53302,1.15,6,39,19,9,1349,0,0,0,950,42041,6378,6.591564754,0.151709046,48419
11.6,121.6,7.44,21711,53278,1.24,11,86,64,29,1508,0,137,165,822,41653,6195,6.723648103,0.148728783,47848
11.7,123.2,7.43,21609,52669,1.15,12,56,16,32,1249,0,0,0,916,41952,5788,7.248099516,0.137967201,47740
11.8,124.8,7.42,21920,53247,1.29,0,55,29,10,1114,8,129,0,975,42429,6136,6.914765319,0.144618068,48565
11.9,126.4,7.42,22162,54519,1.41,20,60,0,20,1257,0,0,0,1169,43044,6173,6.972946703,0.143411393,49217
12,128,7.42,22236,54613,1.34,14,54,21,35,1238,0,5,36,812,43408,6149,7.059359245,0.141655916,49557
12.1,129.7,7.41,22563,55236,1.29,0,96,13,15,1114,0,77,82,1032,43982,6481,6.786298411,0.147355736,50463
12.2,131.3,7.39,22489,54199,1.19,0,42,11,8,890,0,79,0,883,43672,6355,6.872069237,0.145516578,50027
12.3,132.9,7.37,22338,53761,1.29,20,57,10,0,970,0,53,0,1016,42941,6303,6.812787561,0.146782795,49244
12.4,134.6,7.36,21363,50654,1.27,17,46,13,20,1249,0,0,0,906,40594,5750,7.059826087,0.141646549,46344
12.5,136.1,7.36,21124,50323,1.33,4,52,18,0,984,0,0,0,841,40381,5901,6.843077445,0.146133082,46282
12.6,137.8,7.36,21339,51289,1.44,20,33,6,0,1051,0,0,0,673,41155,6083,6.765576196,0.147807071,47238
12.7,139.3,7.36,21226,52139,1.23,11,54,7,15,1530,44,0,0,995,41098,5915,6.948098056,0.143924279,47013
12.8,140.9,7.36,21023,50931,1.27,0,73,6,0,1394,0,0,5,840,40470,5692,7.109978918,0.140647393,46162
12.9,142.5,7.37,21714,52214,1.22,22,73,0,0,1502,0,47,0,789,41395,6006,6.892274392,0.145089987,47401
13,144.2,7.37,21781,52870,1.34,6,56,31,9,1706,10,57,0,923,41465,5956,6.961887173,0.143639214,47421
13.1,145.7,7.37,21968,53164,1.29,0,39,26,15,1511,0,37,49,764,41886,6028,6.948573324,0.143914434,47914
13.2,147.3,7.38,22433,54161,1.34,25,89,38,54,1936,0,0,18,759,42186,6376,6.616373902,0.151140189,48562
13.3,148.9,7.37,22064,53607,1.37,8,68,46,21,1864,0,16,60,797,41683,6270,6.64800638,0.150421035,47953
13.4,150.5,7.37,21956,53075,1.16,0,76,21,0,2289,0,89,72,862,41135,6001,6.854690885,0.145885499,47136
13.5,152.1,7.35,22518,54348,1.31,7,85,0,26,2033,0,0,0,760,42351,6139,6.898680567,0.144955255,48490
13.6,153.6,7.32,22839,54921,1.29,22,63,5,18,2183,0,27,57,920,42575,6138,6.936298469,0.144169113,48713
13.7,155.1,7.3,22985,55422,1.43,0,90,17,51,2007,58,93,26,977,43085,5959,7.230239973,0.138307996,49044
13.8,156.8,7.31,23351,55328,1.42,8,96,9,9,1904,0,57,29,912,42960,6352,6.763224181,0.147858473,49312
13.9,158.3,7.3,23589,55988,1.3,10,107,30,10,2067,0,0,23,937,43361,6499,6.671949531,0.14988123,49860
14,159.9,7.31,23433,55531,1.58,13,99,29,0,1939,0,0,0,928,43450,6317,6.878264999,0.145385501,49767
14.1,161.5,7.31,23299,55139,1.35,16,123,13,0,2146,0,141,0,969,42535,6167,6.897194746,0.144986482,48702
14.2,163.1,7.31,23204,54982,1.37,0,116,10,30,1849,0,0,97,796,42694,6310,6.766085578,0.147795943,49004
14.3,164.7,7.31,23545,55337,1.44,24,109,0,21,1643,0,162,81,728,42990,6337,6.783967177,0.147406374,49327
14.4,166.3,7.3,23344,55161,1.25,15,96,0,37,1339,0,46,121,797,42980,6644,6.468994582,0.154583527,49624
14.5,167.9,7.31,23104,55138,1.43,12,96,0,31,1394,0,106,93,876,42660,6373,6.693864742,0.14939053,49033
14.6,169.4,7.32,22559,52546,1.39,14,118,18,22,1342,0,0,30,817,41030,6090,6.73727422,0.14842798,47120
14.7,171,7.33,22430,52336,1.23,25,118,16,66,1261,0,0,105,725,41036,6118,6.707420726,0.149088605,47154
14.8,172.6,7.32,22457,53464,1.33,0,124,7,17,1352,0,12,55,995,41528,6215,6.681898632,0.149658062,47743
14.9,174.2,7.32,22136,53022,1.29,6,119,32,30,1304,0,125,88,869,41316,6222,6.640308582,0.150595411,47538
15,175.8,7.35,22294,53598,1.26,18,112,9,29,1322,0,70,254,732,42079,6001,7.011998,0.142612705,48080
15.1,177.6,7.36,22917,55267,1.39,15,118,30,20,1547,0,0,124,984,42887,6384,6.717888471,0.148856297,49271
15.2,179.3,7.37,22321,53786,1.39,0,142,43,8,1561,0,131,98,877,41245,6437,6.40748796,0.156067402,47682
15.3,181,7.37,22234,53515,1.38,28,107,32,21,1397,0,0,0,835,42166,6126,6.883121123,0.145282929,48292
15.4,182.7,7.35,23083,55621,1.44,0,113,54,33,1919,0,70,177,1052,42847,6316,6.783882204,0.14740822,49163
15.5,184.4,7.33,23158,57211,1.34,15,142,93,51,2887,0,0,34,1065,43325,6596,6.568374773,0.152244662,49921
15.6,186.1,7.34,23250,56658,1.34,8,105,38,22,2261,0,0,153,781,43799,6558,6.678713022,0.149729446,50357
15.7,187.9,7.35,22976,55311,1.43,18,94,11,35,1437,0,37,93,1071,42921,6524,6.578939301,0.152000186,49445
15.8,189.6,7.36,23237,56538,1.19,0,95,0,33,1614,0,169,244,805,43455,6669,6.515969411,0.153469106,50124
15.9,191.3,7.38,22948,56031,1.45,18,95,17,26,1633,0,148,178,899,43040,6453,6.669766,0.149930297,49493
16,193,7.4,22597,54587,1.45,29,100,19,39,1907,0,19,117,870,41996,6424,6.5373599,0.152966949,48420
16.1,194.9,7.41,22561,55322,1.53,28,109,37,50,1895,0,107,349,802,42676,6279,6.796623666,0.147131877,48955
16.2,196.5,7.43,22433,54873,1.53,18,82,14,21,1757,78,0,173,771,42611,6299,6.764724559,0.147825679,48910
16.3,198.3,7.43,22815,54989,1.46,5,98,35,81,1485,0,121,175,823,42718,6211,6.877797456,0.145395384,48929
16.4,200,7.43,22408,54288,1.39,7,83,19,59,1482,0,77,0,847,42661,6262,6.812679655,0.14678512,48923
16.5,201.8,7.44,22597,55420,1.61,17,70,50,7,1659,0,126,193,1079,42949,6276,6.843371574,0.146126802,49225
16.6,203.4,7.45,23033,55589,1.29,14,92,27,36,1697,0,39,123,803,43564,6270,6.94800638,0.143926178,49834
16.7,205.1,7.46,22867,55374,1.42,0,114,42,49,1578,0,52,23,877,43024,6252,6.881637876,0.145314243,49276
16.8,206.9,7.47,22774,55326,1.46,13,68,0,25,1453,0,24,137,1143,42958,6413,6.698581007,0.149285348,49371
16.9,208.6,7.47,22879,54454,1.36,0,82,19,38,1210,0,21,0,882,43065,6160,6.991071429,0.143039591,49225
17,210.3,7.47,23297,55125,1.53,12,68,42,20,1373,0,26,201,735,43421,6241,6.957378625,0.143732295,49662
17.1,211.9,7.46,24047,57259,1.49,7,87,0,26,1871,0,84,215,902,44774,6442,6.950325986,0.143878144,51216
17.2,213.6,7.46,23747,57039,1.26,4,71,36,53,1573,0,119,108,957,44320,6430,6.892690513,0.145081227,50750
17.3,215.3,7.46,23651,57693,1.26,0,100,19,24,2000,0,46,304,984,44110,6766,6.519361513,0.153389254,50876
17.4,217.1,7.47,23543,56340,1.2,6,115,0,52,1651,0,0,79,992,43636,6527,6.685460395,0.14957833,50163
17.5,218.7,7.47,23581,56326,1.3,4,79,15,47,1349,6,0,35,908,43885,6701,6.549022534,0.152694543,50586
17.6,220.5,7.48,23280,55719,1.32,14,114,28,25,1422,0,0,195,1080,43309,6440,6.725,0.148698885,49749
17.7,222.1,7.49,23126,55557,1.47,8,123,51,14,1494,0,110,305,853,42879,6248,6.862836108,0.145712353,49127
17.8,223.7,7.49,22734,54855,1.28,19,143,6,38,1466,0,0,284,881,42167,6392,6.5968398,0.151587734,48559
17.9,225.5,7.49,22549,53494,1.26,10,148,54,31,1601,0,0,218,809,41091,6211,6.615842859,0.15115232,47302
18,227.2,7.5,22100,53454,1.33,25,117,30,42,1412,0,46,244,870,41271,6139,6.722756149,0.148748516,47410
18.1,228.9,7.5,21516,53493,1.34,13,100,61,91,2577,0,224,425,962,40149,6088,6.59477661,0.151635159,46237
18.2,230.6,7.5,22171,54511,1.53,7,119,95,39,1817,0,129,389,928,41617,6273,6.634305755,0.150731672,47890
18.3,232.2,7.49,21902,53437,1.48,12,121,33,34,1372,7,22,157,1058,41342,6118,6.757437071,0.1479851,47460
18.4,234,7.48,21941,53653,1.28,15,120,41,44,1613,0,68,317,904,41298,6233,6.625701909,0.150927406,47531
18.5,235.6,7.45,22588,55809,1.26,25,165,58,20,2130,0,0,233,978,42673,6622,6.444125642,0.15518009,49295
18.6,237.3,7.45,22036,53867,1.24,12,146,71,19,1937,0,124,82,879,41483,6170,6.723338736,0.148735627,47653
18.7,239,7.45,22184,53586,1.32,14,121,18,73,1315,0,185,218,846,42002,6055,6.936746491,0.144159802,48057
18.8,240.7,7.46,22385,53020,1.25,6,113,39,36,1288,0,55,110,825,41591,6124,6.791476159,0.147243394,47715
18.9,242.3,7.46,22462,53216,1.21,9,117,0,28,1046,0,49,241,791,41304,6244,6.614990391,0.151171799,47548
19,244,7.45,22339,52354,1.28,0,86,43,25,1028,5,22,92,831,41243,6101,6.760039338,0.147928133,47344
19.1,245.7,7.44,23061,54963,1.3,11,109,15,14,1260,55,29,122,806,43259,6638,6.516872552,0.153447837,49897
19.2,247.3,7.43,23431,55551,1.33,19,117,24,37,1415,0,67,380,916,43033,6299,6.831719321,0.146376037,49332
19.3,249,7.44,23246,55170,1.32,19,120,51,17,1513,0,0,165,985,42939,6501,6.604983849,0.151400824,49440
19.4,250.8,7.45,23050,55354,1.35,15,140,40,66,1637,56,195,116,770,42547,6298,6.75563671,0.148024538,48845
19.5,252.4,7.46,22615,54909,1.26,28,165,59,68,1900,0,26,562,954,41553,6278,6.618827652,0.151084158,47831
19.6,254,7.45,22602,54444,1.49,0,141,35,65,1461,82,148,252,673,42213,6309,6.690917737,0.149456329,48522
19.7,255.8,7.43,22891,54360,1.55,11,85,42,18,1571,0,165,164,760,42235,6450,6.548062016,0.152716941,48685
19.8,257.5,7.44,22704,54642,1.31,16,144,58,33,1566,0,0,325,871,41976,5979,7.020572002,0.142438536,47955
19.9,259.2,7.45,21594,52287,1.35,11,129,75,6,1579,0,0,178,734,40767,6137,6.642822226,0.150538426,46904
20,260.8,7.46,21512,52805,1.22,51,172,71,48,2350,0,109,373,807,39663,5917,6.703227987,0.149181857,45580
20.1,262.5,7.47,21117,51610,1.26,14,109,20,0,1531,0,13,332,857,39733,6260,6.347124601,0.157551657,45993
20.2,264,7.46,21273,53736,1.39,75,141,97,76,3003,0,283,470,1023,39493,6342,6.227215389,0.16058542,45835
20.3,265.8,7.46,21899,54799,1.35,132,135,148,71,3421,0,169,320,969,40405,6392,6.321182728,0.158198243,46797
20.4,267.3,7.45,22490,55331,1.49,57,129,99,55,2889,0,115,260,853,41703,6163,6.766672075,0.147783133,47866
20.5,269.1,7.44,22963,55580,1.37,4,110,13,42,1975,0,94,241,933,42824,6424,6.666251557,0.150009341,49248
20.6,270.7,7.44,23109,56369,1.32,7,143,18,27,1973,0,12,42,978,43318,6573,6.590293625,0.151738307,49891
20.7,272.3,7.44,23234,55717,1.37,0,147,31,51,1693,0,25,102,796,43276,6525,6.632337165,0.150776412,49801
20.8,274,7.45,22980,55678,1.38,21,141,0,27,1849,0,5,70,700,43499,6318,6.88493194,0.145244718,49817
20.9,275.6,7.45,22695,54205,1.36,0,145,27,0,1839,0,0,0,917,42126,6372,6.611111111,0.151260504,48498
21,277.4,7.46,22676,55850,1.3,6,139,47,27,2018,0,80,347,750,42783,6324,6.765180266,0.147815721,49107
21.1,279,7.46,22286,54863,1.44,11,139,46,0,2143,0,94,202,860,41839,6388,6.549624296,0.152680513,48227
21.2,280.6,7.46,22210,54035,1.39,10,150,31,22,2150,0,0,218,864,41456,6242,6.64146107,0.150569278,47698
21.3,282.3,7.45,22563,55111,1.42,21,170,53,11,2247,0,230,306,1028,42026,6288,6.683524173,0.149621663,48314
21.4,284,7.45,22839,55380,1.37,22,154,14,37,2279,59,66,170,803,42201,6118,6.897842432,0.144972868,48319
21.5,285.6,7.44,23074,57195,1.41,20,109,39,41,2340,0,63,141,1007,43925,6241,7.038134914,0.142083096,50166
21.6,287.3,7.44,23118,56906,1.65,41,141,71,40,2135,78,50,293,981,43622,6353,6.866362348,0.145637522,49975
21.7,289,7.43,22575,54835,1.34,14,148,42,39,1988,59,0,127,1006,41973,6520,6.437576687,0.155337955,48493
21.8,290.6,7.42,22051,53088,1.21,11,113,17,32,1470,0,93,170,887,41780,6076,6.876234365,0.145428435,47856
21.9,292.4,7.4,23266,56443,1.33,0,149,61,0,2388,6,139,207,1036,42787,6536,6.546358629,0.152756678,49323
22,294,7.36,23714,56649,1.35,31,117,31,38,2388,0,114,154,972,43440,6352,6.838790932,0.146224678,49792
22.1,295.7,7.37,23078,56758,1.28,24,164,146,37,2247,0,0,401,1016,42900,6521,6.578745591,0.152004662,49421
22.2,297.4,7.39,22794,54975,1.35,0,115,37,61,2196,5,43,310,789,42172,6213,6.787703203,0.147325239,48385
22.3,299,7.4,22866,54738,1.36,9,118,34,16,1820,78,0,200,875,42303,6243,6.776069198,0.147578186,48546
22.4,300.6,7.4,23062,55504,1.42,6,110,20,76,1996,15,123,153,862,42877,6315,6.789707047,0.147281759,49192
22.5,302.3,7.39,23055,55284,1.36,0,163,26,34,2461,49,52,202,973,42370,6074,6.975633849,0.143356148,48444
22.6,303.9,7.4,23060,56003,1.29,10,138,15,33,2436,6,0,320,1084,42544,6595,6.450947688,0.155015983,49139
22.7,305.6,7.4,22906,55481,1.28,11,124,0,34,2540,0,138,259,928,42417,6252,6.784548944,0.147393734,48669
22.8,307.3,7.4,22520,55000,1.17,36,160,57,66,2712,0,0,292,871,41872,6097,6.867639823,0.145610432,47969
22.9,309,7.41,22705,55110,1.28,7,167,51,21,2725,0,71,290,828,41603,6224,6.684286632,0.149604596,47827
23,310.6,7.41,22178,54390,1.22,32,151,58,40,2867,0,25,259,988,40938,6310,6.487797147,0.154135522,47248
23.1,312.4,7.41,22276,54310,1.19,13,125,66,23,2615,0,64,193,900,41177,6367,6.467253023,0.154625155,47544
23.2,314.1,7.41,22485,54390,1.34,4,124,54,23,2333,0,0,267,966,41390,6127,6.755345193,0.148030925,47517
23.3,315.7,7.4,22177,55040,1.33,17,145,16,53,2063,0,0,241,1023,42256,6449,6.552333695,0.15261738,48705
23.4,317.4,7.4,22097,54308,1.25,6,133,41,0,2097,0,127,132,748,41771,6416,6.510442643,0.153599387,48187
23.5,319,7.4,20832,50440,1.22,15,111,26,12,1743,10,0,241,927,39127,5728,6.830831006,0.146395072,44855
23.6,320.7,7.4,19908,49294,1.34,14,138,40,44,1910,0,36,338,913,37604,5863,6.413781341,0.155914264,43467
23.7,322.4,7.4,20463,50815,1.29,0,89,33,16,1673,0,0,253,702,39476,6193,6.374293557,0.15688013,45669
23.8,324.2,7.41,21218,52088,1.22,15,120,50,30,2094,17,82,291,840,39504,6133,6.441219632,0.155250101,45637
23.9,325.8,7.42,21105,51425,1.39,19,98,5,38,1855,0,26,424,950,39427,5882,6.70299218,0.149187105,45309
24,327.4,7.43,21423,52308,1.24,13,114,16,40,1784,0,13,295,880,40455,6154,6.573773156,0.152119639,46609
24.1,329.1,7.44,21567,53163,1.18,13,106,33,22,1633,35,215,268,1108,40729,6203,6.566016444,0.152299344,46932
24.2,330.8,7.43,21656,52238,1.33,18,152,71,40,1943,0,0,136,825,40423,6105,6.621294021,0.15102788,46528
24.3,332.5,7.42,21333,51970,1.19,24,140,27,0,1665,35,116,283,751,40288,6050,6.659173554,0.150168785,46338
24.4,334.2,7.42,21777,52293,1.29,8,110,15,23,1463,0,0,321,1034,40825,5987,6.818941039,0.146650337,46812
24.5,335.9,7.42,22038,52142,1.28,9,133,43,32,1874,0,0,224,823,40525,5840,6.939212329,0.144108575,46365
24.6,337.6,7.44,20817,50337,1.25,0,117,48,33,1869,17,5,367,954,38121,5949,6.407967726,0.156055717,44070
24.7,339.3,7.47,20474,50059,1.33,34,96,46,36,1930,0,274,485,728,37955,5599,6.778889087,0.147516796,43554
24.8,340.9,7.47,20860,49772,1.31,0,91,24,0,1242,0,24,142,865,39476,5717,6.905020115,0.14482217,45193
24.9,342.6,7.46,20544,48569,1.23,0,79,18,11,1094,0,83,432,878,38105,5579,6.830077075,0.146411232,43684
25,344.3,7.45,20602,48688,1.19,0,61,22,46,1096,0,30,244,826,38170,5755,6.632493484,0.150772858,43925
25.1,346,7.44,20520,49235,1.32,17,126,41,8,1416,48,274,266,853,37928,5705,6.64820333,0.150416579,43633
25.2,347.7,7.44,20292,49596,1.34,38,146,38,63,1772,61,228,402,875,37596,5963,6.304880094,0.158607299,43559
25.3,349.4,7.46,21122,51290,1.3,0,106,52,11,1694,46,159,467,797,39352,5953,6.610448513,0.151275666,45305
25.4,351.2,7.48,21493,52138,1.18,19,172,64,38,1711,26,62,553,714,39981,5966,6.701475025,0.14922088,45947
25.5,352.9,7.47,21864,51943,1.43,31,137,46,13,1684,46,43,152,729,40671,5998,6.780760253,0.147476089,46669
25.6,354.6,7.47,21711,52487,1.28,24,172,64,48,1759,42,86,446,1086,40011,5888,6.795346467,0.147159531,45899
25.7,356.3,7.47,20388,49681,1.27,19,194,66,16,1777,57,17,196,818,38394,5921,6.484377639,0.154216805,44315
25.8,358,7.46,20520,49613,1.15,19,157,27,0,1526,57,49,195,927,38704,5706,6.783035401,0.147426623,44410
25.9,359.7,7.45,20741,50862,1.27,36,123,8,46,1349,135,30,311,835,39583,5902,6.70670959,0.149104414,45485
26,361.5,7.44,21901,51863,1.43,14,155,13,23,1504,34,33,261,855,40526,5874,6.899216888,0.144943987,46400
26.1,363.1,7.45,22106,52568,1.15,11,132,38,34,1470,93,11,230,874,41034,5996,6.843562375,0.146122727,47030
26.2,364.8,7.46,22037,52985,1.19,0,149,35,51,1407,101,93,367,995,41052,6052,6.783212161,0.147422781,47104
26.3,366.6,7.46,21553,52504,1.2,0,139,10,23,1518,119,133,323,992,40750,6019,6.770227613,0.147705521,46769
26.4,368.3,7.47,21937,53015,1.33,12,210,35,31,1850,125,0,393,815,40701,5806,7.010161901,0.142650058,46507
26.5,370,7.47,21675,52535,1.22,0,132,39,45,1889,30,72,370,997,40553,5993,6.766727849,0.147781915,46546
26.6,371.7,7.48,21965,52960,1.35,5,121,25,32,1709,5,104,385,1008,41041,6198,6.621652146,0.151019712,47239
26.7,373.4,7.49,22044,53643,1.31,31,98,14,38,1463,89,252,390,970,41765,6014,6.944629199,0.143996169,47779
26.8,375.1,7.5,22351,53708,1.32,9,120,48,27,1272,46,0,200,973,42158,6050,6.968264463,0.143507757,48208
26.9,376.9,7.5,22613,53928,1.42,12,120,24,16,1411,31,90,230,783,42257,6250,6.76112,0.147904489,48507
27,378.6,7.51,22605,53980,1.35,9,141,54,40,1535,147,188,258,897,42219,6167,6.845954273,0.146071674,48386
27.1,380.4,7.52,22165,53127,1.24,6,137,41,34,1688,136,44,270,765,41330,6007,6.880306309,0.145342366,47337
27.2,382.1,7.54,21405,51776,1.33,23,144,38,43,1521,163,7,255,900,40248,5999,6.709118186,0.149050885,46247
27.3,383.7,7.55,21142,50922,1.43,17,111,10,23,1363,53,73,150,863,39935,5924,6.741222147,0.148341054,45859
27.4,385.5,7.54,21130,50680,1.26,4,112,31,19,1453,138,13,233,655,39620,5995,6.608840701,0.151312468,45615
27.5,387.1,7.54,21266,51408,1.25,16,173,37,23,1699,187,0,285,845,39552,6107,6.476502374,0.154404328,45659
27.6,388.8,7.55,21108,51085,1.36,9,126,28,31,1541,54,103,272,770,39909,6044,6.603077432,0.151444536,45953
27.7,390.5,7.55,21366,51195,1.27,0,104,17,25,1410,47,103,177,854,39910,5896,6.768995929,0.147732398,45806
27.8,392.3,7.56,21920,52054,1.42,0,115,41,23,1599,0,19,257,808,40729,5994,6.794961628,0.147167866,46723
27.9,394,7.56,22171,52407,1.44,6,95,7,36,1506,82,0,358,756,40995,5988,6.846192385,0.146066593,46983
28,395.7,7.55,22011,52297,1.49,14,115,70,46,1601,23,0,369,807,40620,6018,6.749750748,0.148153619,46638
28.1,397.5,7.55,22260,53647,1.3,20,178,99,0,1803,53,97,456,872,41274,6437,6.411993165,0.155957746,47711
28.2,399.1,7.55,22424,53231,1.6,24,165,42,46,1693,10,117,295,810,41477,6132,6.764024788,0.147840972,47609
28.3,400.8,7.57,22572,54681,1.3,9,128,37,58,1375,45,0,231,960,42642,6259,6.81290941,0.14678017,48901
28.4,402.6,7.58,22867,54953,1.23,29,107,56,36,1691,0,16,230,733,42673,6477,6.588389687,0.151782157,49150
28.5,404.3,7.59,22663,55426,1.21,25,174,18,47,1708,10,162,243,784,42987,6567,6.545911375,0.152767116,49554
28.6,406,7.6,22814,55341,1.36,17,133,58,0,1572,34,0,365,923,43024,6272,6.859693878,0.1457791,49296
28.7,407.8,7.61,23062,56223,1.19,13,106,62,18,1413,0,18,316,928,43958,6673,6.58744193,0.151803995,50631
28.8,409.5,7.61,23686,57523,1.48,4,135,72,33,1629,0,43,111,837,44903,6811,6.592717663,0.151682516,51714
28.9,411.2,7.62,23573,56451,1.34,16,101,31,40,1685,80,64,108,760,44112,6805,6.482292432,0.154266413,50917
29,413,7.63,23161,56121,1.35,33,138,39,50,1852,0,33,171,872,43893,6644,6.6064118,0.1513681,50537
29.1,414.7,7.64,23218,56240,1.39,35,150,45,28,1803,0,6,235,817,43789,6713,6.523015045,0.153303341,50502
29.2,416.4,7.63,23607,57312,1.33,17,175,22,21,1891,76,148,171,877,44666,6731,6.635863913,0.150696279,51397
29.3,418.2,7.62,23571,57565,1.41,25,181,54,47,1877,76,160,157,872,44370,6631,6.691298447,0.149447825,51001
29.4,419.9,7.62,22833,55181,1.3,19,142,23,27,1719,0,83,79,860,43173,6341,6.808547548,0.146874204,49514
29.5,421.5,7.61,22516,54617,1.35,10,114,13,45,1697,52,116,296,836,42207,6247,6.756363054,0.148008624,48454
29.6,423.3,7.6,22017,53934,1.29,16,168,88,39,1711,63,135,198,1034,41598,6052,6.873430271,0.145487764,47650
29.7,425.1,7.59,21361,52152,1.36,33,175,64,20,1965,74,175,302,771,39939,6167,6.476244527,0.154410476,46106
29.8,426.7,7.58,21096,51830,1.2,67,270,125,40,2712,0,230,595,731,38838,5901,6.58159634,0.151938823,44739
29.9,428.5,7.57,20860,53693,1.44,203,704,368,55,4010,106,252,578,863,38186,6003,6.361152757,0.157204211,44189
30,430.1,7.56,20847,55119,1.23,270,720,369,93,4793,19,363,812,1012,38029,6228,6.10613359,0.163769755,44257
30.1,431.8,7.53,20902,54332,1.36,194,601,299,89,4537,116,434,1045,1127,37492,5989,6.260143597,0.159740745,43481
30.2,433.5,7.53,21361,53980,1.38,121,358,192,57,3420,14,366,905,1069,39003,5986,6.515703308,0.153475374,44989
30.3,435.1,7.52,22200,55302,1.38,103,267,160,59,3334,47,106,557,1022,40842,6312,6.470532319,0.15454679,47154
30.4,436.8,7.51,22082,54945,1.34,102,257,116,53,2909,107,107,529,884,40504,6186,6.547688328,0.152725657,46690
30.5,438.4,7.5,22156,53689,1.41,59,250,95,58,2395,111,0,420,885,40972,5988,6.842351369,0.146148589,46960
30.6,440,7.48,22230,55469,1.4,96,239,208,26,2909,63,152,420,904,41053,6233,6.586394994,0.151828125,47286
30.7,441.6,7.48,21865,53232,1.34,86,249,109,55,2588,52,283,460,691,39884,6268,6.363114231,0.157155752,46152
30.8,443.3,7.48,21858,53772,1.34,65,259,106,89,2299,129,189,521,784,40458,6040,6.698344371,0.149290622,46498
30.9,445,7.5,21575,53397,1.4,81,230,105,45,2166,75,89,506,687,40557,6260,6.478753994,0.154350667,46817
31,446.7,7.49,22197,54398,1.43,66,281,125,52,2206,53,125,337,882,41492,6190,6.703069467,0.149185385,47682
31.1,448.3,7.48,21056,51978,1.46,58,231,123,5,1565,160,0,407,924,40234,5882,6.840190411,0.146194761,46116
31.2,449.9,7.49,20641,50383,1.4,25,150,66,9,1423,71,43,387,698,39440,5973,6.603047045,0.151445233,45413
31.3,451.6,7.49,21108,51285,1.46,28,160,73,28,1446,112,120,496,846,40120,5904,6.795392954,0.147158524,46024
31.4,453.2,7.49,21780,52000,1.45,28,232,115,38,1800,59,0,568,667,40370,5785,6.978392394,0.14329948,46155
31.5,454.8,7.49,21772,52560,1.39,28,225,72,29,2013,306,0,590,842,40096,5799,6.914295568,0.144627893,45895
31.6,456.5,7.48,21522,53159,1.33,43,241,124,38,2055,124,139,331,887,40783,5904,6.907689702,0.144766202,46687
31.7,458.1,7.48,21459,52394,1.49,30,152,58,26,1713,169,47,497,1033,40413,5807,6.959359394,0.143691386,46220
31.8,459.7,7.48,21849,53544,1.41,21,133,29,23,1850,291,191,458,853,40772,6368,6.402638191,0.156185618,47140
31.9,461.4,7.48,22330,55809,1.36,48,263,34,45,2320,343,28,444,673,42049,6224,6.75594473,0.148017789,48273
32,463,7.48,21312,52732,1.36,35,219,50,77,1784,298,26,229,755,40494,6133,6.602641448,0.151454536,46627
32.1,464.8,7.48,21315,52992,1.41,16,180,29,4,1568,282,43,214,842,40959,6239,6.56499439,0.152323055,47198
32.2,466.4,7.46,21874,53557,1.38,24,154,61,12,1652,238,64,364,712,41445,6075,6.822222222,0.146579805,47520
32.3,468.1,7.47,22162,54001,1.37,28,143,36,13,1720,224,76,253,780,41655,6367,6.542327627,0.152850798,48022
32.4,469.8,7.49,21649,54137,1.21,29,123,40,12,1386,262,69,318,821,41949,6284,6.675525143,0.149800949,48233
32.5,471.4,7.51,21889,53789,1.49,29,135,36,26,1683,317,116,367,1010,41207,6035,6.828003314,0.146455699,47242
32.6,473,7.51,21750,53155,1.26,5,137,23,43,1727,201,199,150,834,41123,6090,6.752545156,0.148092308,47213
32.7,474.7,7.52,21654,53371,1.35,18,184,29,10,1749,199,0,171,1020,40682,6229,6.531064376,0.153114399,46911
32.8,476.3,7.52,21589,53271,1.34,14,167,65,35,1931,185,159,375,864,40409,5896,6.853629579,0.14590809,46305
32.9,477.9,7.51,21589,51959,1.24,21,148,55,9,1871,188,5,373,741,39996,6062,6.597822501,0.151565157,46058
33,479.5,7.5,21680,52777,1.31,23,217,19,30,2315,136,96,119,924,39790,5917,6.724691567,0.148705705,45707
33.1,481.1,7.5,21237,51221,1.52,0,174,51,11,2450,91,34,406,842,38867,5759,6.748914742,0.148171971,44626
33.2,482.9,7.52,19924,48961,1.27,7,162,26,26,2551,76,64,519,796,36390,5659,6.430464746,0.155509755,42049
33.3,484.5,7.52,18934,47331,1.35,43,249,70,40,3492,88,174,522,804,34097,5582,6.108384092,0.163709417,39679
33.4,486.2,7.51,19889,49733,1.29,24,206,62,26,2433,121,111,426,930,37169,5536,6.714053468,0.148941322,42705
33.5,487.8,7.51,19545,48595,1.34,26,208,49,54,2343,25,88,358,806,36311,5844,6.213381246,0.160942965,42155
33.6,489.4,7.5,19502,50970,1.35,102,333,256,74,5164,63,87,813,706,35253,5789,6.08965279,0.164212975,41042
33.7,491.1,7.51,20635,51749,1.24,49,195,132,37,3484,133,121,459,786,37902,5821,6.511252362,0.153580286,43723
33.8,492.7,7.52,20924,52233,1.2,68,184,91,42,2437,87,133,352,770,38953,6197,6.285783444,0.159089159,45150
33.9,494.3,7.54,20224,49874,1.34,28,148,98,17,1921,102,69,393,894,37533,5857,6.408229469,0.156049343,43390
34,496,7.54,21161,51315,1.33,7,119,16,43,1914,94,105,380,1027,38968,5937,6.563584302,0.152355779,44905
34.1,497.6,7.56,21486,52043,1.31,32,110,37,31,2266,65,34,279,981,39333,5977,6.580726117,0.151958915,45310
34.2,499.2,7.58,21749,53402,1.51,19,158,60,41,3484,36,25,227,851,39635,6003,6.602532067,0.151457046,45638
34.3,500.9,7.58,22098,53829,1.38,14,166,48,18,2899,100,260,283,762,40066,6292,6.367768595,0.157040883,46358
34.4,502.5,7.58,22384,54335,1.37,5,137,50,35,3613,46,53,327,791,40018,6112,6.547447644,0.152731271,46130
34.5,504.2,7.58,22551,55425,1.51,10,155,24,18,4876,25,243,387,725,39823,6261,6.360485545,0.157220702,46084
34.6,505.8,7.57,22207,55600,1.34,31,196,60,42,5170,71,0,372,1024,39512,5982,6.60514878,0.151397044,45494
34.7,507.4,7.57,21590,54335,1.27,27,172,41,65,4394,20,22,392,989,39309,6196,6.344254358,0.157622936,45505
34.8,509.2,7.57,21106,53203,1.33,35,211,54,42,5473,33,0,401,851,37485,5816,6.445151307,0.155155395,43301
34.9,510.9,7.55,21050,55314,1.4,36,197,143,82,6783,65,101,578,734,37242,6385,5.832732968,0.171446217,43627
35,512.4,7.55,21952,55543,1.49,19,219,106,43,6279,58,51,452,875,38345,6190,6.194668821,0.16142913,44535
35.1,514.1,7.55,21574,53268,1.39,13,218,80,29,4842,0,151,574,813,38036,5900,6.446779661,0.155116206,43936
35.2,515.7,7.53,21507,53779,1.4,23,203,56,31,4837,0,106,391,651,37955,6017,6.307960778,0.158529838,43972
35.3,517.4,7.53,21006,52231,1.28,34,244,39,57,4223,0,286,609,869,37063,5855,6.330145175,0.15797426,42918
35.4,519.1,7.53,21049,50845,1.26,8,200,34,64,4402,78,94,523,738,36057,5881,6.131100153,0.163102865,41938
35.5,520.7,7.53,20894,51131,1.07,18,189,53,32,4242,79,149,523,759,36049,5887,6.123492441,0.163305501,41936
35.6,522.4,7.54,21095,51052,1.28,10,217,104,31,4419,99,41,479,667,36058,5834,6.180665067,0.161794886,41892
35.7,524.1,7.54,21271,54404,1.39,30,196,78,49,6046,0,220,576,945,37248,6075,6.131358025,0.163096005,43323
35.8,525.7,7.54,21730,54574,1.29,0,273,43,63,5493,84,11,501,855,37981,6251,6.075987842,0.164582291,44232
35.9,527.4,7.54,21314,53397,1.34,20,220,56,43,6337,0,52,641,677,36355,6128,5.932604439,0.168560033,42483
36,529.1,7.55,21210,55230,1.3,36,226,115,62,6479,73,110,651,727,37013,6170,5.998865478,0.166698187,43183
36.1,530.9,7.55,21286,54114,1.27,24,163,55,43,5182,61,185,490,776,38164,6043,6.315406255,0.158342941,44207
36.2,532.5,7.55,21780,54763,1.34,32,152,88,21,5955,144,85,297,828,38263,5835,6.557497858,0.15249719,44098
36.3,534.2,7.55,21938,55418,1.37,9,179,79,47,6237,56,35,497,795,38056,6168,6.169909209,0.162076939,44224
36.4,535.9,7.56,21737,54386,1.32,4,223,62,31,7149,70,0,421,758,36466,5971,6.107184726,0.163741567,42437
36.5,537.6,7.57,21819,55887,1.29,36,275,73,23,7250,77,28,401,732,37825,5991,6.313637122,0.15838731,43816
36.6,539.3,7.58,22269,57640,1.22,25,238,92,39,7507,100,66,420,719,39055,6313,6.186440678,0.161643836,45368
36.7,540.8,7.56,22316,57999,1.28,81,227,131,68,8230,89,98,299,713,38733,6219,6.228171732,0.160560762,44952
36.8,542.5,7.56,22007,57058,1.26,26,205,50,65,7734,108,43,400,708,38481,6255,6.152038369,0.162547751,44736
36.9,544.2,7.55,22145,57350,1.67,40,233,96,25,8460,58,53,211,842,38339,6079,6.306793881,0.15855917,44418
37,545.9,7.55,22286,59218,1.34,15,212,80,68,8970,16,33,407,714,39224,6325,6.201422925,0.161253314,45549
37.1,547.5,7.55,22280,59296,1.3,7,191,34,44,8854,71,0,274,1019,39530,6179,6.39747532,0.156311662,45709
37.2,549.3,7.55,22397,60238,1.41,20,194,56,31,9556,96,114,164,932,39798,6270,6.347368421,0.157545605,46068
37.3,551,7.54,22894,61942,1.43,23,185,36,79,10358,162,0,280,872,40226,6399,6.286294734,0.159076219,46625
37.4,552.6,7.54,23435,64431,1.46,7,226,101,37,12220,140,117,351,799,40834,6584,6.20200486,0.161238184,47418
37.5,554.3,7.53,23822,66635,1.33,28,241,122,47,13807,145,7,323,1075,41211,6510,6.330414747,0.157967533,47721
37.6,555.9,7.53,23623,64518,1.36,20,212,80,51,11956,157,23,233,766,41485,6513,6.369568555,0.156996505,47998
37.7,557.6,7.52,22947,62056,1.42,30,197,43,23,11536,73,60,114,837,40011,6092,6.567793828,0.152258129,46103
37.8,559.3,7.52,23045,61063,1.48,41,227,92,93,10258,94,0,40,760,40405,6207,6.509585951,0.153619602,46612
37.9,560.9,7.51,22364,59088,1.36,17,256,83,47,9959,71,0,198,666,38989,5907,6.600474014,0.15150427,44896
38,562.6,7.51,21340,54802,1.37,24,210,125,21,6893,88,78,187,733,37961,5923,6.409083235,0.156028556,43884
38.1,564.3,7.51,22214,57398,1.46,0,188,60,36,7962,79,0,159,608,39264,6072,6.466403162,0.154645477,45336
38.2,565.9,7.51,22339,58902,1.44,26,233,91,25,9598,170,131,285,775,38918,5902,6.59403592,0.151652192,44820
38.3,567.6,7.5,22230,57580,1.37,5,196,61,57,9966,51,123,65,548,38279,5768,6.636442441,0.150683142,44047
38.4,569.3,7.49,21729,56515,1.34,0,138,20,33,9518,111,0,40,776,37308,5771,6.464737481,0.154685322,43079
38.5,571,7.5,22046,57928,1.34,18,136,52,19,9155,122,81,262,734,38399,6211,6.18241829,0.161749004,44610
38.6,572.7,7.49,22321,59090,1.58,0,120,45,62,11820,66,42,375,624,37503,5822,6.441600824,0.155240914,43325
38.7,574.4,7.5,21728,58519,1.28,29,127,28,18,11432,0,41,212,911,36627,6020,6.084219269,0.164359625,42647
38.8,576.1,7.49,21956,58861,1.41,0,147,60,38,11205,35,0,320,590,37477,5683,6.594580327,0.151639672,43160
38.9,577.6,7.47,21842,57982,1.53,29,157,75,53,11004,0,69,224,955,37122,5630,6.593605684,0.151662087,42752
39,579.3,7.46,22130,59236,1.22,16,226,87,65,10906,64,163,554,691,37050,6199,5.976770447,0.16731444,43249
39.1,581,7.45,21672,58183,1.33,38,219,136,55,10999,123,0,325,937,36387,6043,6.021347013,0.166075796,42430
39.2,582.7,7.45,21130,55889,1.38,70,186,100,34,10246,39,217,380,705,35292,5882,6,0.166666667,41174
39.3,584.3,7.45,21116,56028,1.29,34,203,97,33,9734,62,182,460,805,35536,5968,5.954423592,0.167942368,41504
39.4,586,7.43,21474,57142,1.34,42,214,56,62,9982,164,27,233,748,36558,6064,6.028693931,0.165873407,42622
39.5,587.6,7.42,21408,55264,1.35,24,239,66,37,8848,30,46,441,726,36366,5817,6.251676122,0.159957103,42183
39.6,589.3,7.41,21115,55400,1.35,29,215,57,62,8590,0,84,528,731,35772,6118,5.847008826,0.171027619,41890
39.7,591,7.4,21394,56758,1.4,0,202,99,51,9658,28,143,365,918,36412,5937,6.133063837,0.163050643,42349
39.8,592.6,7.39,21487,58584,1.28,38,228,68,80,11792,105,56,487,809,35700,6226,5.734018632,0.174397759,41926
39.9,594.2,7.38,22115,61900,1.4,40,249,186,85,13760,20,184,618,892,36086,6235,5.787650361,0.172781688,42321
40,595.8,7.37,22765,64667,1.39,26,241,78,67,15283,119,224,364,959,37675,6096,6.180282152,0.16180491,43771
40.1,597.5,7.36,22162,60902,1.4,13,223,37,51,13329,14,168,363,909,36747,6351,5.78601795,0.172830435,43098
40.2,599.2,7.37,21944,61336,1.37,23,196,81,53,13279,0,294,566,833,36829,6250,5.89264,0.169703223,43079
40.3,600.8,7.36,21913,59364,1.32,36,220,63,16,11500,0,144,298,787,37453,6090,6.149917898,0.162603797,43543
40.4,602.4,7.36,22207,59652,1.24,32,190,33,36,11880,0,100,397,780,37526,6094,6.15786019,0.162394073,43620
40.5,604.1,7.37,22225,59285,1.37,15,191,36,18,10602,0,27,230,850,38457,6137,6.266416816,0.159580831,44594
40.6,605.7,7.37,22377,60530,1.23,31,217,68,21,11655,7,0,300,752,38426,6077,6.323185782,0.158148129,44503
40.7,607.3,7.37,22344,59196,1.24,0,223,54,31,10272,35,19,256,814,38926,5997,6.490912123,0.154061553,44923
40.8,609,7.36,22327,57827,1.36,46,206,44,41,8767,33,6,208,745,38804,6246,6.212616074,0.160962787,45050
40.9,610.6,7.36,22282,58795,1.28,27,209,45,55,10636,50,31,24,728,38315,6094,6.287331802,0.15904998,44409
41,612.2,7.36,22004,58303,1.21,12,193,47,24,9678,16,0,218,701,38394,6046,6.350314257,0.157472522,44440
41.1,613.7,7.37,22964,60718,1.35,11,140,25,23,9616,36,16,320,890,40430,6146,6.578262284,0.15201583,46576
41.2,615.4,7.36,23674,62822,1.39,21,189,36,34,11623,0,0,188,816,41127,6272,6.55723852,0.152503222,47399
41.3,617.1,7.36,23794,62214,1.32,0,169,19,20,10675,28,0,140,692,41639,6420,6.485825545,0.154182377,48059
41.4,618.7,7.35,22937,59815,1.35,6,140,28,30,8825,0,0,141,906,40551,6421,6.315371437,0.158343814,46972
41.5,620.3,7.32,23535,61264,1.33,6,187,28,54,9914,0,0,166,877,40920,6408,6.38576779,0.15659824,47328
41.6,622,7.31,24498,63586,1.39,13,162,48,48,11453,0,0,45,965,41870,6235,6.71531676,0.148913303,48105
41.7,623.6,7.29,24148,63571,1.39,12,177,40,45,11605,0,8,0,903,41720,6366,6.553565818,0.152588686,48086
41.8,625.2,7.27,24090,62837,1.45,14,160,7,61,11095,19,7,260,735,41082,6313,6.507524157,0.153668273,47395
41.9,626.9,7.24,24485,64095,1.38,0,163,41,7,11714,43,0,128,933,41620,6615,6.291761149,0.158938011,48235
42,628.5,7.22,24200,64130,1.35,13,127,12,47,12422,0,90,223,910,41009,6428,6.379744866,0.15674608,47437
42.1,630.1,7.23,23887,61143,1.62,18,179,28,44,9010,53,0,267,826,41495,6504,6.379920049,0.156741776,47999
42.2,631.7,7.22,23906,62022,1.42,25,172,7,41,9400,13,0,73,909,41794,6523,6.407174613,0.156075035,48317
42.3,633.3,7.2,24013,61642,1.4,4,174,37,19,9584,79,0,0,900,41602,6376,6.524780427,0.153261862,47978
42.4,634.9,7.18,23678,61404,1.54,18,168,21,44,10454,0,0,132,723,41086,6389,6.430740335,0.155503091,47475
42.5,636.5,7.17,23533,59617,1.3,18,153,37,39,7885,33,0,241,721,41233,6597,6.250265272,0.159993209,47830
42.6,638.2,7.17,23497,59571,1.31,0,162,0,54,7621,104,45,288,723,41554,6223,6.677486743,0.149756943,47777
42.7,639.8,7.16,23645,60582,1.28,0,136,39,27,8228,0,51,172,946,41867,6425,6.516264591,0.153462154,48292
42.8,641.5,7.15,23653,60346,1.54,0,114,33,19,8080,63,0,201,762,41800,6439,6.491691256,0.154043062,48239
42.9,643.1,7.13,22869,59317,1.38,0,165,37,21,7594,12,0,159,874,41261,6606,6.245988495,0.16010276,47867
43,644.7,7.11,22868,59344,1.3,0,146,21,27,6730,5,45,42,1175,41837,6351,6.587466541,0.151803428,48188
43.2,648,7.03,23870,61214,1.38,0,168,7,19,7318,95,23,169,1070,43141,6772,6.370496161,0.156973645,49913
43.3,649.7,7.03,23910,61868,1.31,7,183,34,55,8851,55,51,151,878,42293,6516,6.490638428,0.154068049,48809
43.4,651.3,7.03,23176,59490,1.41,22,215,114,15,7839,0,12,271,906,41465,6289,6.59325807,0.151670083,47754
43.5,653,7,22825,59721,1.57,0,122,76,30,8190,186,0,247,709,40809,6564,6.217093236,0.160846872,47373
43.6,654.6,6.96,22977,59446,1.37,7,178,45,0,8401,152,85,364,698,40539,6071,6.677483116,0.149757024,46610
43.8,657.8,6.89,21426,56458,1.36,8,141,54,23,6965,21,95,61,856,39619,6309,6.279759074,0.159241778,45928
43.9,659.5,6.89,22676,59123,1.3,0,127,6,35,8288,65,103,269,805,40139,6557,6.121549489,0.163357333,46696
44.1,662.8,7.5,23236,59659,1.35,19,198,24,0,7633,222,0,297,603,41255,6403,6.443073559,0.15520543,47658
44.2,664.3,7.51,23786,60261,1.43,15,224,22,25,6651,288,125,297,930,42084,6607,6.369607992,0.156995533,48691
44.3,665.9,7.51,24225,63238,1.54,0,262,47,48,8758,230,6,368,976,42523,6714,6.333482276,0.157891024,49237
44.4,667.5,7.51,24080,61783,1.47,13,272,47,23,8141,290,53,405,790,42520,6596,6.44633111,0.155126999,49116
44.5,669.2,7.51,23911,61350,1.37,13,229,44,43,6713,286,99,458,949,42828,6665,6.425806452,0.15562249,49493
44.6,670.9,7.52,23309,58537,1.22,24,243,34,22,5150,305,0,326,913,42068,6509,6.46305116,0.154725682,48577
44.7,672.6,7.53,23780,59033,1.27,22,255,29,51,5437,141,12,235,706,42529,6759,6.292202989,0.15892685,49288
44.8,674.2,7.53,24436,62220,1.3,23,285,47,47,6914,300,64,527,945,43640,6612,6.600120992,0.151512374,50252
44.9,675.8,7.54,24016,61474,1.38,10,291,71,37,5904,286,0,380,886,43638,6865,6.356591406,0.157317017,50503
45,677.4,7.55,23985,61562,1.25,8,221,29,24,6257,310,120,404,970,43724,6853,6.380271414,0.156733144,50577
45.1,679.1,7.56,23757,60935,1.3,32,229,88,64,7413,157,0,228,856,42329,6640,6.374849398,0.156866451,48969
45.2,680.8,7.56,23424,62133,1.57,0,263,39,45,9106,170,0,321,876,41565,6610,6.288199697,0.159028028,48175
45.3,682.5,7.56,23717,61809,1.3,0,313,18,25,8799,168,70,265,849,42001,6582,6.381191127,0.156710555,48583
45.4,684.1,7.57,24045,63633,1.3,0,299,0,40,9416,270,186,276,816,42267,6768,6.245124113,0.16012492,49035
45.5,685.7,7.58,24105,65003,1.46,13,236,18,12,11017,149,9,247,905,42310,6834,6.191103307,0.161522099,49144
45.6,687.4,7.6,24186,64401,1.46,0,229,51,48,10588,94,0,237,697,42410,6848,6.193049065,0.161471351,49258
45.7,689,7.61,24215,65601,1.46,0,242,24,24,12238,168,57,260,651,41892,6721,6.233001042,0.16043636,48613
45.8,690.6,7.62,23645,62557,1.3,0,216,22,5,9263,185,0,161,929,42243,6556,6.443410616,0.155197311,48799
45.9,692.3,7.63,23204,60314,1.51,20,216,55,46,8200,329,77,284,862,40955,6471,6.329006336,0.158002686,47426
46,694,7.63,23526,60296,1.49,0,215,48,35,7496,222,0,154,948,41587,6750,6.161037037,0.162310337,48337
46.1,695.7,7.63,23978,62037,1.29,10,222,15,64,8173,225,118,234,888,42516,6839,6.216698348,0.160857089,49355
46.2,697.4,7.62,24323,62223,1.26,0,164,35,17,8049,361,0,308,835,42765,6725,6.359107807,0.157254764,49490
46.3,699,7.6,24505,62816,1.43,0,211,35,46,7861,304,30,252,1039,43470,6546,6.640696609,0.150586611,50016
46.4,700.7,7.6,24585,64083,1.48,21,255,81,32,9153,301,57,398,868,42657,6959,6.129760023,0.163138524,49616
46.5,702.3,7.6,24222,62047,1.31,21,224,91,52,8154,82,69,301,830,42120,6767,6.224323925,0.160660019,48887
46.6,704,7.6,24538,62637,1.37,0,254,46,34,8664,88,87,344,925,42592,6637,6.41735724,0.155827385,49229
46.7,705.7,7.6,24446,62752,1.3,18,284,49,49,9345,129,10,342,831,42219,6372,6.625706215,0.150927308,48591
46.8,707.4,7.58,23914,61016,1.29,28,243,34,6,7709,44,59,362,838,41928,6690,6.267264574,0.159559244,48618
46.9,709.1,7.58,24464,62363,1.39,0,230,63,52,7089,86,192,353,861,43558,6639,6.560927851,0.152417466,50197
47,710.7,7.58,24914,63544,1.32,0,253,32,64,8243,0,49,438,915,43224,7072,6.11199095,0.163612808,50296
47.1,712.3,7.58,24971,64160,1.43,12,288,26,20,8791,74,0,365,789,43657,6648,6.566937425,0.152277985,50305
47.2,714,7.58,24239,61197,1.38,12,297,36,29,7497,0,17,326,850,42695,6560,6.508384146,0.153647968,49255
47.3,715.6,7.57,24120,60405,1.25,0,244,44,20,6392,116,114,288,846,42866,6433,6.663454065,0.150072318,49299
47.4,717.2,7.55,23997,60714,1.43,13,284,60,47,6814,0,0,337,982,42332,6647,6.368587333,0.157020694,48979
47.5,718.9,7.53,23630,60934,1.44,12,259,54,41,8337,43,62,319,818,41216,6453,6.387106772,0.156565411,47669
47.6,720.6,7.53,22301,56303,1.37,42,279,56,21,6353,31,127,442,825,39120,6182,6.328049175,0.158026585,45302
47.7,722.2,7.53,22361,55603,1.21,0,264,52,27,5433,40,169,297,784,39694,6131,6.474310879,0.154456593,45825
47.8,723.8,7.54,22699,56727,1.24,24,233,42,41,5936,15,129,381,834,40174,6166,6.515407071,0.153482352,46340
47.9,725.5,7.55,23243,58631,1.44,0,229,37,12,7316,13,63,453,769,40550,6333,6.402968577,0.156177559,46883
48,727.2,7.56,23202,59003,1.45,16,240,29,33,7781,33,0,320,822,40853,6016,6.790724734,0.147259687,46869
48.1,729,7.58,23071,58893,1.3,7,226,33,73,8232,54,0,284,860,39726,6247,6.359212422,0.157252177,45973
48.2,730.7,7.59,22869,58775,1.45,8,220,31,18,7812,0,165,502,729,40061,6353,6.305839761,0.158583161,46414
48.3,732.4,7.59,22692,57799,1.13,8,215,82,30,6896,79,74,552,821,39954,6011,6.646814174,0.150448015,45965
48.4,734.1,7.6,22884,58304,1.37,13,209,16,61,7395,0,0,484,857,39832,6416,6.208229426,0.161076521,46248
48.5,735.8,7.59,22730,58286,1.37,33,221,80,38,8427,67,12,357,728,39309,6376,6.165150565,0.16220204,45685
48.6,737.5,7.58,22758,57088,1.31,19,273,53,16,7616,6,73,336,645,38998,6213,6.276838886,0.159315862,45211
48.7,739.2,7.58,22079,56667,1.24,18,222,60,79,7705,0,131,553,780,38181,6307,6.053749802,0.165186873,44488
48.8,740.8,7.59,22041,57177,1.34,66,237,77,67,6625,18,143,608,1036,39193,6258,6.262863535,0.15967137,45451
48.9,742.4,7.59,22616,56691,1.27,0,224,54,13,5678,0,20,393,941,40420,6445,6.271528317,0.159450767,46865
49,744,7.6,22611,57062,1.33,63,207,89,41,5348,0,139,400,937,40726,6519,6.24727719,0.160069734,47245
49.1,745.7,7.61,23406,61236,1.34,157,290,142,36,7613,110,157,525,1063,41623,6631,6.277032122,0.159310958,48254
49.2,747.3,7.61,22913,58929,1.13,43,241,83,47,6189,14,72,507,870,41701,6573,6.344287236,0.157622119,48274
49.3,749,7.63,22963,59110,1.17,33,170,61,65,5229,0,0,356,956,42538,6534,6.510254056,0.153603837,49072
49.4,750.6,7.63,23204,58175,1.31,0,206,40,10,4830,10,0,231,945,42727,6644,6.430915111,0.155498865,49371
49.5,752.4,7.64,23810,59586,1.28,12,260,24,0,5079,135,0,281,926,43277,6491,6.667231551,0.149987291,49768
49.6,754,7.64,23945,59897,1.28,12,239,0,23,4952,16,94,51,1013,43906,6712,6.541418355,0.152872045,50618
49.7,755.8,7.64,24029,59621,1.24,9,242,16,46,4747,0,213,376,839,43917,6554,6.700793409,0.149236059,50471
49.8,757.4,7.64,24115,59851,1.25,6,210,17,26,4343,0,0,265,995,44401,6583,6.744797205,0.148262427,50984
49.9,759,7.63,24164,59063,1.39,21,233,53,52,4726,0,74,146,1066,43535,6590,6.606221548,0.151372459,50125
50,760.6,7.63,24095,58435,1.3,14,199,36,24,3912,0,0,182,1072,43847,6590,6.653566009,0.150295345,50437
50.1,762.3,7.63,24185,59067,1.42,19,230,15,42,4314,0,72,87,954,43887,6807,6.447333627,0.155102878,50694
50.2,763.9,7.64,23477,57274,1.35,0,202,43,39,3382,0,32,299,814,43429,6487,6.694774164,0.149370236,49916
50.3,765.5,7.64,23621,57445,1.34,12,185,29,25,3032,0,44,157,1096,43769,6708,6.524895647,0.153259156,50477
50.4,767.2,7.63,23614,57062,1.33,10,181,8,28,3147,0,0,177,847,43396,6481,6.695880265,0.149345562,49877
50.5,768.8,7.63,23720,57363,1.29,4,209,21,13,2807,0,0,277,1071,43622,6736,6.475950119,0.154417496,50358
50.6,770.5,7.63,23660,57808,1.38,0,202,10,45,2752,64,0,248,921,43989,6763,6.50436197,0.153742981,50752
50.7,772.1,7.64,23522,56865,1.4,12,188,19,41,2958,0,0,142,1103,43132,6821,6.323412989,0.158142446,49953
50.8,773.8,7.65,23416,57439,1.27,14,193,30,11,2560,51,134,172,965,43616,6762,6.450162674,0.15503485,50378
50.9,775.4,7.66,23062,56419,1.18,14,195,57,32,2735,0,0,182,1044,43145,6735,6.406087602,0.156101518,49880
51,777.1,7.66,23630,57083,1.35,13,223,25,8,2870,0,35,261,1012,43711,6597,6.625890556,0.150923109,50308
51.1,778.6,7.66,24086,58408,1.23,0,233,30,38,2595,0,0,215,851,44754,7134,6.27333894,0.159404746,51888
51.2,780.2,7.66,24116,57712,1.23,13,201,20,34,2293,0,0,144,859,44622,6755,6.605773501,0.151382726,51377
51.3,782,7.66,23950,57846,1.18,5,205,51,42,2040,6,62,347,1005,44756,6837,6.54614597,0.152761641,51593
51.4,783.7,7.66,23747,57321,1.31,0,171,32,29,1840,54,86,389,979,44314,6653,6.660754547,0.150133141,50967
51.5,785.4,7.64,23814,57159,1.37,0,145,19,41,1513,0,16,296,914,44772,6661,6.721513286,0.148776021,51433
51.6,786.9,7.63,23974,57814,1.36,17,188,0,35,1462,0,0,310,933,45309,6888,6.577961672,0.152022777,52197
51.7,788.6,7.64,24174,58874,1.35,14,202,24,70,1560,15,35,287,1023,45714,6912,6.613715278,0.151200945,52626
51.8,790.3,7.67,24435,59334,1.24,5,247,25,10,2092,0,0,240,1065,45756,6870,6.660262009,0.150144243,52626
51.9,792,7.7,24089,58334,1.2,19,222,24,55,1429,0,0,382,942,45099,6813,6.619550859,0.151067651,51912
52,793.6,7.72,23988,56905,1.32,18,193,0,22,1194,0,0,321,851,44852,6628,6.767048884,0.147774904,51480
52.1,795.2,7.73,24284,57672,1.4,14,212,42,0,1285,0,0,512,806,45018,6771,6.648648649,0.150406504,51789
52.2,796.9,7.74,24216,56698,1.38,17,196,6,51,1131,0,0,167,932,44834,6470,6.929520866,0.144310122,51304
52.3,798.6,7.75,24265,57363,1.18,0,173,17,38,1034,0,81,334,783,45394,6889,6.589345333,0.151760145,52283
52.4,800.2,7.76,24270,57434,1.27,11,210,4,31,844,0,37,254,1004,45140,7060,6.393767705,0.156402304,52200
52.5,801.9,7.76,24236,57746,1.33,19,185,0,46,969,0,23,390,1135,45296,6631,6.830945559,0.146392617,51927
52.6,803.6,7.75,24492,57421,1.37,0,213,27,36,972,36,0,242,928,45657,6648,6.867779783,0.145607464,52305
52.7,805.2,7.75,24497,57571,1.38,14,212,8,33,921,0,7,215,951,45653,6827,6.687124652,0.149541104,52480
52.8,806.9,7.76,24562,57141,1.34,0,214,25,17,971,0,0,211,943,45229,6727,6.723502304,0.148732008,51956
52.9,808.6,7.77,24363,57416,1.34,0,186,0,54,905,0,200,290,924,45599,6614,6.894315089,0.145047041,52213
53,810.2,7.77,24203,56753,1.21,6,176,53,54,1465,29,0,0,815,44972,6607,6.806720145,0.146913635,51579
53.1,811.9,7.77,24065,56823,1.29,0,130,0,9,751,0,0,259,1081,45097,6813,6.619257302,0.151074351,51910
53.2,813.7,7.77,24025,56762,1.46,18,184,22,32,733,0,168,327,898,44915,6532,6.876148194,0.145430257,51447
53.3,815.3,7.76,24053,58098,1.33,0,136,0,40,862,0,91,198,1068,45322,6871,6.596128657,0.151604077,52193
53.4,816.9,7.77,24116,56805,1.27,0,174,14,13,1037,0,0,262,717,45092,6655,6.7756574,0.147587155,51747
53.5,818.6,7.77,24191,56254,1.29,0,170,20,16,984,0,42,316,748,44562,6433,6.927094668,0.144360666,50995
53.6,820.1,7.77,24089,56976,1.29,0,147,28,31,951,0,132,452,874,44431,6708,6.623583781,0.15097567,51139
53.7,821.7,7.78,24335,55977,1.55,0,125,19,43,813,0,0,249,913,44845,6552,6.844474969,0.146103245,51397
53.8,823.3,7.78,24491,57138,1.52,0,151,28,40,818,0,13,254,933,45606,6668,6.839532094,0.146208832,52274
53.9,825,7.78,24494,57866,1.15,9,175,12,53,856,0,7,162,920,46169,6790,6.799558174,0.147068379,52959
54,826.7,7.78,24325,57128,1.35,0,160,50,21,829,0,0,277,1071,45424,6563,6.92122505,0.144483093,51987
54.1,828.5,7.77,24407,58104,1.35,19,186,79,6,907,0,0,277,1042,45831,6878,6.663419599,0.150073095,52709
54.2,830.1,7.76,24190,57552,1.3,23,174,39,31,858,0,135,537,878,45375,6701,6.771377406,0.147680441,52076
54.3,831.7,7.75,24500,57545,1.34,12,175,18,45,767,34,34,214,946,45806,6637,6.901612174,0.144893682,52443
54.4,833.3,7.75,24669,57984,1.29,19,227,48,45,923,4,24,347,974,45850,6903,6.642039693,0.150556161,52753
54.5,835,7.75,24639,57367,1.37,12,254,17,44,835,0,0,160,882,45727,6696,6.829002389,0.146434273,52423
54.6,836.6,7.76,24281,57141,1.32,0,201,33,30,934,0,41,218,947,45092,6628,6.803258902,0.146988379,51720
54.7,838.2,7.77,24185,55960,1.31,12,181,17,31,761,0,0,142,685,44759,6618,6.763221517,0.147858531,51377
54.8,839.9,7.76,24474,57231,1.26,0,161,0,59,759,0,89,71,985,45658,6415,7.117381138,0.140501117,52073
54.9,841.5,7.75,24346,57093,1.42,28,162,0,13,821,0,0,283,868,45568,6704,6.797136038,0.147120787,52272
55,843.2,7.75,24666,57764,1.4,4,171,45,39,882,0,0,150,921,45946,6784,6.772700472,0.147651591,52730
55.1,844.8,7.74,24994,57548,1.5,4,227,55,18,857,0,0,104,1073,45835,6724,6.816627008,0.14670012,52559
55.2,846.4,7.74,24905,57341,1.38,0,202,30,55,844,15,0,188,917,45750,6726,6.801962533,0.147016393,52476
55.3,847.9,7.75,24564,57064,1.46,18,200,0,23,910,42,0,224,942,45422,6720,6.75922619,0.147945929,52142
55.4,849.6,7.75,24321,55935,1.37,14,177,0,22,884,6,29,111,1019,44563,6533,6.821215368,0.146601441,51096
55.5,851.2,7.76,24205,56205,1.4,8,173,14,49,745,0,82,99,868,45334,6341,7.149345529,0.139872943,51675
55.6,852.8,7.76,24386,56268,1.56,8,167,17,51,734,32,0,0,912,45257,6439,7.028575866,0.142276333,51696
55.7,854.5,7.76,24553,57472,1.29,0,156,0,29,731,0,0,177,927,45756,6833,6.69632665,0.149335606,52589
55.8,856.2,7.77,24612,56827,1.35,19,179,0,20,916,0,0,220,803,45133,6672,6.764538369,0.147829748,51805
55.9,857.8,7.78,24598,57305,1.52,0,197,8,43,871,0,6,119,934,45910,6703,6.849172013,0.146003049,52613
56,859.4,7.78,24631,58153,1.34,0,196,15,13,919,0,35,335,1009,45778,6781,6.750921693,0.148127922,52559
56.1,861.1,7.78,24262,57180,1.39,0,172,12,53,888,63,67,138,966,45278,6840,6.619590643,0.151066743,52118
56.2,862.7,7.79,23811,56032,1.4,0,162,27,46,787,0,92,0,887,44416,6561,6.769699741,0.147717039,50977
56.3,864.4,7.79,24028,56969,1.3,0,146,0,14,952,0,0,139,877,45244,6892,6.56471271,0.152329591,52136
56.4,865.9,7.77,24150,56622,1.59,0,160,57,26,783,22,0,240,973,44924,6686,6.719114568,0.148829134,51610
56.5,867.6,7.76,24328,57220,1.35,0,179,64,39,1013,0,0,266,905,45480,6744,6.743772242,0.14828496,52224
56.6,869.2,7.76,24594,58105,1.29,23,175,0,72,1014,46,70,278,1072,45640,6819,6.693063499,0.149408414,52459
56.7,870.9,7.75,24554,57867,1.2,0,170,0,0,892,56,55,218,837,45934,6814,6.741121221,0.148343275,52748
56.8,872.5,7.75,24273,57999,1.25,0,168,35,48,992,11,70,309,879,45749,6776,6.751623377,0.148112527,52525
56.9,874.1,7.76,24048,57086,1.36,13,199,16,35,1100,28,143,272,874,44832,6669,6.722447143,0.148755353,51501
57,875.6,7.75,24635,58194,1.27,24,217,11,62,1303,38,0,310,907,45540,6877,6.622073579,0.151010101,52417
57.1,877.3,7.75,24210,56895,1.34,25,180,12,26,1184,56,0,123,978,44523,6750,6.596,0.151607035,51273
57.2,879,7.75,23933,56950,1.29,25,153,9,33,903,58,45,205,1068,44954,6725,6.684609665,0.149597366,51679
57.3,880.6,7.75,24198,57153,1.22,0,143,15,21,1025,58,134,122,1099,45312,6661,6.802582195,0.147003001,51973
57.4,882.2,7.75,24236,57212,1.33,0,154,15,57,901,30,123,222,684,45798,6762,6.77284827,0.147648369,52560
57.5,883.8,7.77,24130,57128,1.18,14,210,0,35,921,35,45,125,913,45582,6767,6.735924339,0.148457725,52349
57.6,885.4,7.77,23968,56878,1.29,11,158,6,5,816,51,107,164,1046,45093,6825,6.607032967,0.151353869,51918
57.7,887.1,7.77,24089,57765,1.23,0,142,0,0,865,18,130,105,1012,45935,6556,7.006558877,0.142723414,52491
57.8,888.7,7.77,24403,57536,1.17,0,184,15,39,852,25,0,143,1132,45884,6854,6.694484972,0.149376689,52738
57.9,890.3,7.76,24362,57807,1.29,0,141,0,45,835,24,39,132,1057,46035,6815,6.754952311,0.148039535,52850
58,891.9,7.77,24266,58155,1.35,5,191,8,60,981,19,123,352,991,45887,6909,6.641626864,0.15056552,52796
58.1,893.7,7.76,24381,57587,1.26,0,145,0,45,1008,8,0,67,909,45817,6826,6.712130091,0.148984002,52643
58.2,895.3,7.76,24314,56930,1.38,0,135,0,9,973,47,0,30,931,45726,6595,6.93343442,0.144228666,52321
58.3,897,7.75,24206,56604,1.28,13,169,0,18,953,70,0,215,975,45100,6554,6.881293866,0.145321508,51654
58.4,898.7,7.74,24068,57028,1.42,0,138,14,40,776,134,0,319,925,45010,6731,6.686970732,0.149544546,51741
58.5,900.3,7.73,24234,57597,1.34,14,188,11,41,996,105,43,266,920,45282,6547,6.916450283,0.144582836,51829
58.6,901.9,7.73,24192,56672,1.41,0,212,15,54,1141,108,4,106,930,44924,6594,6.812860176,0.146781231,51518
58.7,903.5,7.72,24007,56516,1.32,14,183,6,77,1143,81,72,212,889,44197,6661,6.635189911,0.150711587,50858
58.8,905.2,7.71,23683,55382,1.43,10,195,25,35,1044,142,0,264,886,43835,6232,7.03385751,0.142169499,50067
58.9,906.8,7.71,23422,54588,1.56,4,120,8,52,982,177,0,98,943,43484,6357,6.840333491,0.146191703,49841
59,908.4,7.7,23701,54667,1.24,0,185,37,15,1072,92,16,235,759,43467,6173,7.041470922,0.142015782,49640
59.1,910.1,7.72,23741,55889,1.31,13,216,7,37,1280,218,0,234,803,43892,6412,6.845290081,0.146085847,50304
59.2,911.8,7.73,23322,54880,1.38,0,161,29,18,1196,129,0,237,1022,43499,6486,6.706598828,0.149106876,49985
59.3,913.4,7.73,23387,55539,1.37,0,149,28,30,936,180,21,213,805,44107,6516,6.76903008,0.147731653,50623
59.4,915,7.74,23905,56754,1.29,0,252,8,39,1235,213,16,169,851,44809,6693,6.694905125,0.149367315,51502
59.5,916.6,7.74,24196,57488,1.39,5,209,37,35,1573,206,0,421,778,44465,6710,6.626676602,0.150905206,51175
59.6,918.3,7.74,23734,56429,1.37,20,235,0,39,1649,238,0,408,870,43679,6678,6.540730758,0.152888116,50357
59.7,920,7.76,23445,55644,1.35,12,190,0,41,1400,241,0,311,960,43163,6427,6.715886105,0.148900679,49590
59.8,921.7,7.77,23534,57240,1.37,0,205,25,37,1321,284,222,480,1053,44278,6615,6.693575208,0.149396992,50893
59.9,923.3,7.77,23781,56944,1.55,16,187,54,34,1424,241,26,272,860,44436,6615,6.717460317,0.148865784,51051
60,924.9,7.77,23616,55101,1.49,0,171,5,35,1104,257,0,187,800,43721,6212,7.038151964,0.142082752,49933
60.1,926.6,7.77,23566,56809,1.34,8,178,52,23,1448,296,34,187,748,44156,6477,6.817353713,0.146684482,50633
60.2,928.2,7.78,23374,55907,1.56,0,178,0,16,1494,241,153,209,883,43551,6399,6.805907173,0.146931184,49950
60.3,929.9,7.79,23602,55524,1.43,0,155,32,28,2212,231,0,306,763,43028,6318,6.810383033,0.146834619,49346
60.4,931.5,7.79,23829,57633,1.31,13,180,21,42,2287,209,209,132,888,44061,6674,6.601887923,0.151471823,50735
60.5,933.2,7.79,23676,57041,1.31,0,202,13,29,2837,222,36,215,878,43615,6528,6.681219363,0.149673278,50143
60.6,934.8,7.8,23354,57459,1.33,4,183,11,26,2847,247,23,338,1018,43319,6556,6.607535082,0.151342367,49875
60.7,936.5,7.81,23291,56239,1.37,12,242,21,53,2838,228,0,178,955,42620,6327,6.736209894,0.148451431,48947
60.8,938.1,7.81,23099,56484,1.22,13,209,19,15,2840,174,157,405,794,42428,6341,6.691058193,0.149453191,48769
60.9,939.8,7.81,23078,57172,1.3,13,217,52,77,3065,169,168,326,1082,43078,6411,6.719388551,0.148823065,49489
61,941.4,7.79,23099,56243,1.36,7,168,31,25,2535,102,134,443,921,42956,6522,6.586323214,0.151829779,49478
61.1,943.1,7.77,23258,56267,1.25,0,160,18,54,2794,216,44,494,976,42482,6661,6.377721063,0.156795819,49143
61.2,944.8,7.76,23707,56916,1.18,6,219,27,51,2702,165,30,220,841,43628,6653,6.557643168,0.152493811,50281
61.3,946.5,7.77,23514,57359,1.18,7,184,0,49,2596,207,0,264,949,43876,6606,6.641840751,0.150560671,50482
61.4,948.2,7.78,23566,56891,1.32,25,234,19,8,2471,142,118,129,832,43889,6500,6.752153846,0.148100891,50389
61.5,949.7,7.77,23633,56301,1.2,7,211,0,44,2338,217,0,169,739,43435,6519,6.662831723,0.150086336,49954
61.6,951.4,7.78,23284,55564,1.34,0,170,0,19,2195,99,58,218,893,43124,6397,6.741284977,0.148339672,49521
61.7,953,7.78,22779,54719,1.29,18,168,32,50,2335,254,0,259,798,42043,6153,6.832927027,0.146350165,48196
61.8,954.7,7.79,22862,55489,1.38,20,97,43,25,2218,141,7,238,908,42825,6468,6.621057514,0.151033275,49293
61.9,956.4,7.79,23342,56081,1.35,8,164,21,0,2652,149,107,161,786,43276,6217,6.960913624,0.143659303,49493
62,958.1,7.77,23409,56837,1.35,0,166,40,19,3009,349,0,142,1015,43048,6354,6.774944917,0.147602676,49402
62.1,959.7,7.77,23306,56894,1.29,11,201,4,114,2673,253,0,177,856,43315,6605,6.557910674,0.152487591,49920
62.2,961.4,7.76,23468,57317,1.26,6,229,5,54,2963,223,30,194,990,43218,6514,6.634633098,0.150724235,49732
62.3,963,7.76,23210,56874,1.31,14,148,6,54,2739,325,0,270,1010,43180,6266,6.891158634,0.145113478,49446
62.4,964.8,7.76,23287,56886,1.24,0,200,30,49,2477,269,110,238,1048,43066,6216,6.928249678,0.1443366,49282
62.5,966.4,7.74,23648,58104,1.27,26,256,35,33,2928,360,16,379,987,43035,6597,6.523419736,0.153293831,49632
62.6,968.1,7.74,23658,58492,1.34,0,241,7,40,2997,221,0,274,967,44032,6536,6.736842105,0.1484375,50568
62.7,969.7,7.73,23538,58524,1.3,10,246,55,57,3253,463,71,277,888,43190,6380,6.769592476,0.147719379,49570
62.8,971.4,7.72,23477,58497,1.31,0,236,42,53,3148,422,45,347,872,43248,6749,6.408060453,0.156053459,49997
62.9,973,7.72,23322,57488,1.27,14,192,24,29,2865,412,63,323,855,42814,6463,6.624477797,0.150955295,49277
63,974.6,7.7,23539,58564,1.26,5,243,23,5,3028,396,33,416,893,43346,6628,6.53983102,0.15290915,49974
63.1,976.3,7.68,23590,58529,1.23,0,229,19,23,3236,565,0,473,1031,43006,6485,6.631611411,0.150792913,49491
63.2,977.9,7.67,23574,57661,1.2,13,207,10,48,2874,538,0,289,999,43103,6426,6.707594149,0.14908475,49529
63.3,979.7,7.67,23402,56706,1.35,13,244,29,75,2817,461,0,265,903,42485,6332,6.709570436,0.149040838,48817
63.4,981.4,7.66,23176,56696,1.46,8,286,14,27,2754,559,59,379,901,41905,6584,6.364671932,0.157117289,48489
63.5,982.9,7.66,23135,56253,1.25,0,244,34,44,2785,435,39,516,928,41804,6527,6.404780144,0.156133384,48331
63.6,984.6,7.65,22886,56448,1.4,15,271,43,41,3193,432,237,544,826,41285,6221,6.636392863,0.150684268,47506
63.7,986.3,7.63,23100,57082,1.34,16,284,42,49,3246,416,139,548,898,41822,6450,6.484031008,0.154225049,48272
63.8,988,7.62,22796,55002,1.34,5,252,36,53,2821,439,154,485,812,40644,6514,6.239484188,0.160269658,47158
63.9,989.6,7.62,22626,54547,1.28,19,243,64,47,2786,410,123,467,723,40817,6177,6.607900275,0.151334003,46994
64,991.2,7.61,22834,56233,1.26,10,201,23,38,2706,566,131,517,872,41521,6452,6.435368878,0.155391248,47973
64.1,992.7,7.6,22899,55192,1.41,0,154,22,66,2221,459,32,573,914,41424,6386,6.486689634,0.154161839,47810
64.2,994.5,7.58,23544,57419,1.36,17,266,6,0,2379,409,149,601,1181,42856,6668,6.427114577,0.155590816,49524
64.3,996.1,7.57,23804,58481,1.46,0,280,87,27,3193,428,107,529,932,43033,6809,6.320017624,0.158227407,49842
64.4,997.7,7.58,23232,55379,1.35,0,229,16,22,2135,380,0,421,860,42254,6367,6.636406471,0.150683959,48621
64.5,999.3,7.59,22706,54626,1.29,8,206,21,46,2312,440,42,355,668,41100,6345,6.477541371,0.154379562,47445
64.6,1000.9,7.57,22625,54527,1.27,9,243,36,28,2659,420,62,412,967,40372,6224,6.486503856,0.154166254,46596
64.7,1002.5,7.56,22574,54208,1.42,22,253,0,34,2394,433,166,441,918,40326,6289,6.412148195,0.155953975,46615
64.8,1004,7.54,22529,54800,1.32,11,224,82,43,2323,575,306,630,821,40363,6504,6.205873309,0.161137676,46867
64.9,1005.7,7.53,22283,54898,1.23,43,307,162,60,2880,513,215,887,1015,39460,6309,6.254556982,0.159883426,45769
65,1007.4,7.53,22058,55036,1.18,24,269,97,88,2663,530,164,871,912,39743,6390,6.219561815,0.160783031,46133
65.1,1008.9,7.53,21984,54544,1.26,18,290,53,141,2974,504,0,562,747,39849,6314,6.311213177,0.158448142,46163
65.2,1010.5,7.52,21699,54254,1.28,62,299,72,35,2735,488,225,560,903,39046,6578,5.935846762,0.168467961,45624
65.3,1012.2,7.5,21276,53058,1.08,30,327,115,51,2775,582,299,628,873,38375,6219,6.170606207,0.162058632,44594
65.4,1013.8,7.49,20135,50234,1.29,57,333,66,35,2655,585,35,600,781,36255,5742,6.31400209,0.158378155,41997
65.5,1015.4,7.47,20192,51133,1.35,93,309,100,54,2738,425,289,642,785,36709,6086,6.031712126,0.165790406,42795
65.6,1016.9,7.46,20941,53041,1.28,7,330,100,21,2611,510,154,829,843,38286,6424,5.959838107,0.167789793,44710
65.7,1018.5,7.46,21947,53650,1.23,16,298,63,31,2640,516,140,708,1025,39160,6051,6.471657577,0.154519918,45211
65.8,1020.2,7.46,21089,52992,1.29,6,335,49,22,3263,504,333,598,1015,38034,5850,6.501538462,0.153809749,43884
65.9,1021.9,7.45,20264,50036,1.23,43,355,99,29,2924,460,82,714,671,35879,5544,6.471681097,0.154519357,41423
66,1023.5,7.43,19540,48509,1.19,38,260,79,57,2700,396,149,888,768,34619,5575,6.209686099,0.161038736,40194
66.1,1025.2,7.42,20437,48940,1.24,13,230,40,27,2519,315,88,589,790,35663,5917,6.027209735,0.165914253,41580
66.2,1026.8,7.42,21142,50985,1.28,27,298,52,34,3043,476,216,608,849,36608,5807,6.304115722,0.15862653,42415
66.3,1028.5,7.43,20800,51029,1.31,28,287,75,92,3138,406,108,707,857,36223,5808,6.236742424,0.160340115,42031
66.4,1030.1,7.43,20422,49351,1.35,41,261,90,61,3046,431,195,632,825,34633,5921,5.849180882,0.170964109,40554
66.5,1031.8,7.44,20197,49547,1.22,26,246,71,71,3156,452,252,665,949,34685,5828,5.951441318,0.168026524,40513
66.6,1033.6,7.44,19895,48264,1.39,37,279,56,53,3961,350,327,589,677,33302,5870,5.673253833,0.17626569,39172
66.7,1035.2,7.42,19570,50435,1.38,59,249,153,121,5749,303,491,911,913,33115,5808,5.701618457,0.175388797,38923
66.8,1036.8,7.4,19870,52919,1.39,101,222,185,146,6459,358,580,1011,876,34087,6221,5.479344157,0.182503594,40308
66.9,1038.5,7.37,20744,55721,1.29,229,263,311,159,8172,397,490,976,802,34967,6349,5.507481493,0.181571196,41316
67,1040.2,7.36,21796,55377,1.54,67,229,165,81,5839,339,387,849,822,37633,6417,5.864578463,0.170515239,44050
67.1,1041.9,7.36,21381,52502,1.22,46,268,82,72,4016,471,308,810,706,37020,5992,6.17823765,0.161858455,43012
67.2,1043.5,7.37,22113,55797,1.31,73,305,91,104,4630,560,21,877,1014,38424,6460,5.947987616,0.168124089,44884
67.3,1045.2,7.38,22084,54934,1.39,48,292,115,47,4422,471,349,946,936,38201,6526,5.853662274,0.170833224,44727
67.4,1046.8,7.38,22120,54505,1.29,21,201,82,58,3546,328,301,939,946,38703,6462,5.989322191,0.166963801,45165
67.5,1048.4,7.38,23380,58243,1.27,25,207,175,5,3492,445,238,838,836,41649,6967,5.978039328,0.167278926,48616
67.6,1050.2,7.35,24332,59627,1.33,37,227,104,64,3254,452,94,463,1188,43440,6866,6.326827847,0.15805709,50306
67.7,1051.9,7.33,24549,59030,1.33,18,191,54,24,2520,383,113,581,851,43968,6735,6.528285078,0.153179585,50703
67.8,1053.5,7.34,24396,58288,1.24,5,206,39,0,2622,294,157,401,979,43481,6657,6.53162085,0.153101355,50138
67.9,1055.3,7.33,24350,59091,1.34,52,231,59,63,2876,334,32,433,895,43515,6821,6.379563114,0.156750546,50336
68,1057,7.33,24313,59392,1.31,4,242,61,10,3194,220,60,618,1107,43694,6580,6.640425532,0.150592759,50274
68.1,1058.7,7.34,23511,57770,1.32,6,346,61,39,3505,273,65,398,786,42077,6566,6.408315565,0.156047247,48643
68.2,1060.4,7.34,22224,53879,1.3,7,229,56,26,2606,219,0,431,766,39957,6279,6.363592929,0.15714393,46236
68.3,1062,7.36,21891,54515,1.34,33,272,69,90,3480,237,136,710,932,38554,6413,6.011850928,0.166338123,44967
68.4,1063.7,7.38,22225,56827,1.19,33,240,97,68,3993,122,302,721,1027,40176,6835,5.87798098,0.170126444,47011
68.5,1065.3,7.39,23992,59332,1.19,41,267,70,31,3276,136,133,527,948,43429,6935,6.262292718,0.159685924,50364
68.6,1067,7.4,24256,59348,1.47,27,289,99,70,2670,84,112,711,1028,43961,6700,6.561343284,0.152407816,50661
68.7,1068.6,7.41,24100,59083,1.22,13,355,19,0,3086,75,0,593,942,43609,6745,6.465381764,0.154669908,50354
68.8,1070.3,7.42,24079,59149,1.33,24,316,69,49,2689,187,154,307,849,44092,6745,6.536990363,0.152975596,50837
68.9,1072,7.42,23942,57551,1.41,7,243,54,35,2347,84,0,362,1140,43216,6596,6.551849606,0.152628656,49812
69,1073.6,7.42,24234,58819,1.27,0,366,60,52,2511,97,0,260,1038,44043,6580,6.693465046,0.149399451,50623
69.1,1075.3,7.4,24082,58010,1.29,15,316,18,62,1809,77,26,424,824,44607,6584,6.775060753,0.147600152,51191
69.2,1076.9,7.4,24275,59892,1.2,14,259,18,36,2347,129,46,542,840,45752,6565,6.969078446,0.143490995,52317
69.3,1078.7,7.42,24615,61456,1.39,19,289,55,44,2699,145,73,637,941,45736,6887,6.640917671,0.150581599,52623
69.4,1080.4,7.44,24306,60085,1.38,21,307,30,41,2526,170,37,604,985,44828,6930,6.468686869,0.154590881,51758
69.5,1082,7.45,23602,57562,1.43,36,310,62,51,2353,178,0,453,886,43091,6638,6.491563724,0.154046089,49729
69.6,1083.6,7.46,23680,58067,1.21,7,265,21,26,1975,237,12,547,983,43878,6709,6.540169921,0.152901226,50587
69.7,1085.3,7.46,24275,59573,1.08,14,290,33,38,2363,207,85,585,969,44625,7048,6.331583428,0.157938375,51673
69.8,1087,7.45,23893,59174,1.2,48,317,53,63,2335,135,318,662,1049,44210,6799,6.502426827,0.153788736,51009
69.9,1088.6,7.45,24221,59300,1.36,56,319,90,48,2809,301,144,420,789,44623,6545,6.817876241,0.14667324,51168
70,1090.3,7.45,24169,59883,1.51,39,357,75,63,2750,230,0,481,1081,44941,6660,6.747897898,0.148194299,51601
70.1,1091.9,7.45,23816,59030,1.43,15,365,57,26,2527,165,45,483,768,44514,6722,6.622136269,0.151008671,51236
70.2,1093.5,7.44,23842,58512,1.36,24,425,49,59,2208,192,99,536,974,44254,6595,6.710235027,0.149026077,50849
70.3,1095.1,7.42,23734,57375,1.19,58,474,53,37,2645,111,0,297,712,43480,6611,6.576917259,0.152046918,50091
70.4,1096.7,7.4,23062,56884,1.33,19,420,27,31,2179,204,103,346,917,42948,6528,6.579044118,0.151997765,49476
70.5,1098.2,7.39,22769,56537,1.23,30,421,61,77,2356,111,38,476,1133,42357,6334,6.687243448,0.149538447,48691
70.6,1099.7,7.38,22989,55845,1.31,34,432,35,48,2240,132,0,507,792,42396,6195,6.843583535,0.146122276,48591
70.7,1101.3,7.38,22564,56223,1.27,39,338,14,20,2018,90,157,472,1149,42205,6414,6.5801372,0.151972515,48619
70.8,1102.9,7.38,22848,56407,1.21,22,326,41,19,1939,188,0,507,981,42448,6715,6.321370067,0.158193554,49163
70.9,1104.5,7.39,23310,56353,1.26,35,434,50,72,1970,59,0,368,964,42894,6477,6.622510421,0.15100014,49371
71,1106.1,7.39,22735,55836,1.15,6,436,27,29,1646,12,83,400,830,42895,6527,6.571931975,0.152162257,49422
71.1,1107.7,7.39,23038,56137,1.28,10,336,47,42,1591,87,0,414,816,43002,6648,6.468411552,0.154597461,49650
71.2,1109.2,7.4,22725,55277,1.32,5,247,22,36,1442,102,26,582,812,42585,6480,6.571759259,0.152166256,49065
71.3,1110.8,7.41,22829,56384,1.15,23,392,36,47,1778,111,60,539,949,43067,6452,6.674984501,0.149813082,49519
71.4,1112.5,7.42,22506,55155,1.32,22,314,35,19,1708,65,0,424,840,42495,6284,6.762412476,0.147876221,48779
71.5,1114.1,7.43,22078,54605,1.27,24,336,39,20,1619,8,0,468,809,41739,6330,6.593838863,0.151656724,48069
71.6,1115.7,7.43,21334,53097,1.25,32,197,24,18,1076,0,6,446,983,41215,6287,6.555590902,0.15254155,47502
71.7,1117.4,7.44,21681,53387,1.16,7,248,22,47,1467,31,0,519,914,41132,6184,6.651358344,0.15034523,47316
71.8,1119,7.44,22234,54272,1.32,16,245,78,39,1728,65,0,366,1040,41372,6491,6.373748267,0.156893551,47863
71.9,1120.5,7.46,22198,54639,1.26,13,203,40,42,1462,77,162,424,1017,41953,6396,6.559255785,0.15245632,48349
72,1122.2,7.46,22489,54704,1.33,27,272,31,17,1326,0,150,538,883,42476,6596,6.4396604,0.155287692,49072
72.1,1123.8,7.47,22449,54075,1.25,11,293,37,17,1510,124,39,582,766,41822,6338,6.598611549,0.151547033,48160
72.2,1125.4,7.49,23009,55050,1.22,5,293,20,11,1770,136,76,503,962,42290,6246,6.770733269,0.14769449,48536
72.3,1127.1,7.51,22907,54494,1.27,0,297,51,39,1459,75,30,398,816,42333,6358,6.658225857,0.150190159,48691
72.4,1128.8,7.53,22284,53646,1.27,0,258,48,38,1186,95,0,439,817,42061,6260,6.719009585,0.148831459,48321
72.5,1130.4,7.52,22033,53355,1.26,24,191,0,9,1257,43,0,403,896,41687,6315,6.601266825,0.151486075,48002
72.6,1132,7.51,22737,54900,1.37,19,253,7,14,1389,0,0,514,804,42811,6145,6.966802278,0.143537876,48956
72.7,1133.7,7.5,23233,56355,1.24,21,259,29,60,1388,88,198,472,845,43391,6351,6.832152417,0.146366758,49742
72.8,1135.3,7.5,22859,54621,1.38,20,275,12,27,1163,0,0,508,957,42527,6532,6.51056338,0.153596539,49059
72.9,1136.9,7.49,22681,54130,1.14,7,145,14,5,700,23,0,348,931,43053,6420,6.706074766,0.149118528,49473
73,1138.5,7.47,22987,54895,1.28,0,203,0,51,778,0,0,622,856,42872,6808,6.297297297,0.158798283,49680
73.1,1140.1,7.45,23224,55673,1.34,10,182,27,0,1061,0,53,481,935,43178,6520,6.622392638,0.151002826,49698
73.2,1141.8,7.44,23759,57229,1.38,6,209,42,43,1450,0,87,528,931,44012,6831,6.44298053,0.155207671,50843
73.3,1143.3,7.47,23601,56114,1.1,7,231,9,56,1611,0,0,469,894,43507,6486,6.707832254,0.149079458,49993
73.4,1145,7.49,23484,56781,1.44,12,243,42,44,1831,0,187,495,877,43223,6359,6.797137915,0.147120746,49582
73.5,1146.7,7.51,23027,56052,1.2,37,285,45,53,2233,0,0,457,961,42484,6721,6.321083172,0.158200734,49205
73.6,1148.3,7.51,22916,55963,1.25,7,239,31,51,1640,7,0,345,1002,43140,6521,6.615549762,0.151159017,49661
73.7,1149.9,7.51,22686,55885,1.26,12,199,19,42,2019,0,169,402,1006,42717,6537,6.534648922,0.153030409,49254
73.8,1151.5,7.52,23088,57568,1.24,95,264,120,56,2944,52,135,531,969,43087,6633,6.495854063,0.153944345,49720
73.9,1153.1,7.5,23513,57614,1.47,29,263,79,59,2311,0,0,445,1006,43913,6766,6.490245344,0.15407738,50679
74,1154.7,7.49,23056,55823,1.26,15,241,53,32,2037,58,0,377,977,42689,6497,6.570571033,0.152193774,49186
74.1,1156.4,7.47,22851,55286,1.28,6,285,44,36,1948,4,0,417,969,42441,6225,6.817831325,0.146674207,48666
74.2,1158,7.46,22032,53788,1.32,26,296,43,32,2051,0,34,479,660,40951,6216,6.587998713,0.151791165,47167
74.3,1159.6,7.45,21394,52219,1.38,21,218,40,26,1641,0,125,409,825,40402,5944,6.797106326,0.14712143,46346
74.4,1161.2,7.44,21530,52575,1.4,25,278,63,30,1602,22,110,301,1002,40383,6069,6.653979239,0.150286011,46452
74.5,1162.9,7.43,21262,52821,1.29,0,184,35,0,1398,0,0,466,1157,40315,6305,6.394131642,0.156393402,46620
74.6,1164.5,7.42,21246,51583,1.2,0,199,12,47,1542,0,51,363,808,40057,6110,6.555973813,0.152532641,46167
74.7,1166.1,7.42,21432,52238,1.18,19,183,26,32,1758,30,163,404,917,40174,5920,6.786148649,0.147358988,46094
74.8,1167.7,7.42,21710,53204,1.32,24,193,31,41,1546,64,55,467,893,40891,6072,6.734354414,0.148492333,46963
74.9,1169.4,7.41,21750,53203,1.3,23,236,36,29,1920,0,0,508,1025,40437,6189,6.533688803,0.153052897,46626
75,1171,7.42,21538,52829,1.4,8,216,38,34,1886,26,50,220,780,40527,5911,6.856200305,0.145853382,46438
75.1,1172.6,7.41,21628,52535,1.25,10,201,32,48,1885,0,5,314,819,40167,6029,6.662298889,0.150098339,46196
75.2,1174.2,7.4,22209,54472,1.42,24,221,36,47,2142,0,0,265,1015,41752,6312,6.614702155,0.151178387,48064
75.3,1175.7,7.38,22797,54715,1.17,9,228,38,17,2263,0,0,315,807,41948,6278,6.681745779,0.149661486,48226
75.4,1177.2,7.37,22938,55789,1.41,21,282,59,35,2256,0,109,409,1080,42191,6422,6.569760199,0.152212557,48613
75.5,1178.7,7.35,22439,53582,1.24,0,321,47,46,1853,0,0,516,745,41199,6152,6.696846554,0.149324013,47351
75.6,1180.2,7.33,22256,53738,1.37,5,255,27,44,1869,0,35,562,659,41104,6252,6.574536148,0.152101985,47356
75.7,1181.7,7.32,22624,54754,1.47,31,226,52,64,2171,0,0,403,732,41918,6350,6.601259843,0.151486235,48268
75.8,1183.3,7.31,22853,55417,1.33,37,300,79,32,2449,0,22,445,930,41938,6205,6.758742949,0.147956507,48143
75.9,1184.8,7.31,22321,54636,1.3,34,346,50,43,2419,0,85,481,1086,41216,6289,6.55366513,0.152586374,47505
76,1186.4,7.31,21830,53662,1.22,8,286,71,23,1641,8,35,501,1261,41092,6386,6.434700908,0.155407379,47478
76.1,1188,7.3,22540,55416,1.39,55,357,68,42,2215,0,0,744,877,41786,6407,6.52192914,0.153328866,48193
76.2,1189.4,7.3,22467,55478,1.28,10,286,31,33,2423,0,31,596,1000,41577,6336,6.562026515,0.152391947,47913
76.3,1191,7.31,22590,55477,1.17,37,307,69,28,2286,19,0,450,1017,42114,6155,6.84224208,0.146150924,48269
76.4,1192.5,7.29,22626,55618,1.22,18,297,41,26,2484,0,165,462,1061,42007,6261,6.709311612,0.149046587,48268
76.5,1194,7.28,22532,54203,1.23,14,342,19,29,2266,0,72,491,781,40892,6349,6.440699323,0.155262643,47241
76.6,1195.6,7.27,21978,53263,1.31,34,305,36,42,2251,0,84,300,775,40729,6001,6.787035494,0.147339733,46730
76.7,1197.1,7.24,22124,53470,1.17,10,304,59,41,2101,0,142,360,788,40696,6271,6.489555095,0.154093768,46967
76.8,1198.6,7.22,22595,55393,1.29,19,243,32,51,2061,39,43,476,782,42286,6251,6.764677652,0.147826704,48537
76.9,1200.2,7.21,22966,55137,1.27,26,255,62,47,2033,0,0,618,874,41918,6374,6.576404142,0.152058781,48292
77,1201.7,7.21,22934,56259,1.41,26,276,66,45,2293,0,65,548,1019,42296,6464,6.543316832,0.152827691,48760
77.1,1203.3,7.22,23087,56123,1.2,34,282,55,49,2173,0,127,492,838,42640,6582,6.478274081,0.154362101,49222
77.2,1204.8,7.21,23012,55879,1.35,51,314,72,61,2436,0,204,764,792,41828,6573,6.363608702,0.15714354,48401
77.3,1206.4,7.21,22454,55893,1.18,38,361,61,51,2514,23,115,489,1024,42188,6346,6.647967223,0.150421921,48534
77.4,1207.9,7.21,22362,54924,1.43,35,266,55,44,2301,0,46,397,824,41831,6479,6.456397592,0.154885133,48310
77.5,1209.4,7.18,22909,55958,1.39,18,279,48,67,2469,19,0,147,963,42536,6558,6.486123818,0.154175287,49094
77.6,1211,7.16,22794,56690,1.16,6,261,19,18,2220,17,186,555,962,42780,6511,6.57041929,0.152197288,49291
77.7,1212.5,7.15,22603,56352,1.22,21,244,25,0,2272,149,0,385,919,42856,6391,6.705679862,0.14912731,49247
77.8,1214,7.15,22691,55843,1.19,41,269,52,80,2089,45,86,479,799,42314,6543,6.467064038,0.154629673,48857
77.9,1215.6,7.15,22483,55271,1.2,21,254,61,11,1926,16,114,362,1190,42161,6489,6.497303128,0.153910012,48650
78,1217.1,7.14,22500,55148,1.4,31,299,85,33,1955,13,0,613,830,42051,6416,6.554083541,0.152576633,48467
78.1,1218.5,7.13,22856,56115,1.34,44,283,69,60,2303,58,242,671,821,42334,6305,6.714353688,0.148934662,48639
78.2,1220.1,7.11,23154,56936,1.23,20,306,58,20,2134,76,87,649,1033,42752,6665,6.414403601,0.155899139,49417
78.3,1221.6,7.1,22594,55324,1.32,46,318,88,84,2329,58,56,776,849,41536,6293,6.600349595,0.151507126,47829
78.4,1223.2,7.09,22369,55302,1.28,22,349,77,67,1914,41,127,634,824,41936,6499,6.452685028,0.154974246,48435
78.5,1224.6,7.07,22430,55670,1.35,20,301,134,27,1839,0,195,678,1112,42122,6682,6.303801257,0.158634443,48804
78.6,1226.2,7.05,23165,56474,1.52,30,339,109,64,2505,34,49,618,893,42469,6495,6.538722094,0.152935082,48964
78.7,1227.7,7.03,22522,54710,1.31,35,422,74,23,2186,0,59,450,817,41540,6365,6.526315789,0.153225806,47905
78.8,1229,7.01,22464,53923,1.34,45,421,80,28,2323,0,14,582,842,40868,6091,6.709571499,0.149040814,46959
79,1231.8,6.94,22124,53920,1.34,40,382,105,36,2432,54,11,643,831,40264,6253,6.439149208,0.15530002,46517
79.1,1233.3,6.94,21529,52496,1.31,42,463,62,56,2697,125,0,703,704,38701,6089,6.355887666,0.157334436,44790
79.2,1234.7,6.96,21138,51297,1.31,26,322,32,41,2500,0,79,737,842,38206,6133,6.229577694,0.160524525,44339
79.3,1236.1,6.96,21537,52900,1.26,47,351,82,47,2379,0,67,725,1007,38671,6212,6.225209272,0.16063717,44883
79.4,1237.5,6.96,21247,52408,1.35,24,328,71,28,2356,0,17,830,822,38737,6179,6.269137401,0.159511578,44916
79.5,1239,6.98,21344,52363,1.35,21,330,87,31,2488,0,75,637,827,38807,6182,6.277418311,0.159301157,44989
79.6,1240.4,7,21011,51784,1.23,17,291,72,44,2269,0,180,628,853,38678,5956,6.493955675,0.153989348,44634
79.7,1241.8,7.03,21068,52182,1.33,47,381,73,65,2562,0,262,675,626,38187,6203,6.156214735,0.162437479,44390
79.8,1243.2,7.03,21490,53226,1.42,53,335,135,69,2175,0,48,670,882,39918,6277,6.35940736,0.157247357,46195
79.9,1244.7,7.03,22116,54277,1.41,61,296,120,27,2350,41,113,645,739,40624,6451,6.297318245,0.158797755,47075
80.1,1247.5,7.47,21919,52427,1.3,10,291,36,15,2109,49,193,439,733,39334,6087,6.461968129,0.154751614,45421
80.2,1249,7.46,22419,53991,1.34,21,290,28,38,1970,19,0,591,727,41135,6195,6.640032284,0.150601677,47330
80.3,1250.5,7.43,23200,55731,1.25,7,218,51,39,2122,25,0,498,879,42292,6378,6.630918783,0.150808664,48670
80.4,1252.1,7.43,23925,56978,1.38,7,237,61,20,2270,143,141,536,661,43142,6518,6.618901504,0.151082472,49660
80.5,1253.5,7.44,24096,58378,1.36,28,300,38,41,2664,130,199,474,822,43093,6577,6.552075414,0.152623396,49670
80.6,1255.1,7.47,24076,57078,1.42,10,235,50,9,2997,65,111,416,1053,42203,6812,6.195390487,0.161410326,49015
80.7,1256.6,7.5,23526,56619,1.51,0,251,48,47,3262,115,89,386,1016,41993,6291,6.6750914,0.149810683,48284
80.8,1258,7.5,23177,55547,1.29,13,253,52,43,2689,70,25,329,914,41561,6289,6.608522818,0.151319747,47850
80.9,1259.6,7.48,23003,57254,1.37,129,292,145,98,4451,22,245,598,965,40950,6328,6.471238938,0.154529915,47278
81,1261.1,7.46,23714,56895,1.37,23,279,81,46,2941,102,289,403,786,42156,6415,6.57147311,0.152172882,48571
81.1,1262.6,7.42,24064,57077,1.49,14,276,47,60,2854,74,77,550,761,42332,6518,6.494630255,0.153973353,48850
81.2,1264.1,7.4,23149,56587,1.3,38,334,128,44,2236,12,32,825,944,41620,6579,6.32618939,0.158073042,48199
81.3,1265.6,7.39,23918,57770,1.32,10,245,34,33,2371,83,0,686,876,43085,6909,6.236068896,0.160357433,49994
81.4,1267.1,7.39,24068,57651,1.36,31,255,57,29,2707,0,170,611,946,43296,6510,6.650691244,0.15036031,49806
81.5,1268.6,7.38,23948,57507,1.37,19,287,49,43,2235,53,144,367,852,43082,6738,6.393885426,0.156399424,49820
81.6,1270.1,7.37,23438,56708,1.29,33,301,73,0,2049,0,44,503,923,42536,6799,6.256214149,0.159841076,49335
81.7,1271.5,7.38,23317,55966,1.2,31,289,70,35,1937,129,12,321,883,42440,6640,6.391566265,0.156456173,49080
81.8,1273.1,7.39,23164,55305,1.35,29,269,61,0,1873,17,240,574,1022,41470,6270,6.614035088,0.151193634,47740
81.9,1274.5,7.4,22504,53590,1.2,8,272,70,24,1736,10,248,448,861,40182,6312,6.365969582,0.157085262,46494
82,1276.1,7.4,22338,53167,1.37,43,230,65,44,1897,69,196,504,880,39250,6454,6.081499845,0.164433121,45704
82.1,1277.6,7.41,21794,51618,1.21,28,266,47,43,1693,41,129,656,769,38129,6249,6.101616259,0.163891002,44378
82.2,1279,7.43,21094,49610,1.4,22,240,49,71,1650,0,241,621,818,36776,5988,6.141616566,0.162823581,42764
82.3,1280.6,7.46,20675,48571,1.3,16,242,21,49,1489,0,247,661,858,35672,5922,6.023640662,0.166012559,41594
82.4,1282.1,7.48,21262,50886,1.22,14,328,52,66,1658,0,194,872,883,37312,6408,5.822721598,0.171740995,43720
82.5,1283.6,7.49,21574,51639,1.31,5,247,74,55,1586,0,309,1008,1041,38103,6312,6.036596958,0.165656248,44415
82.6,1285.1,7.51,22345,54232,1.26,10,264,66,47,1637,5,76,611,1116,41192,6342,6.495111952,0.153961934,47534
82.7,1286.6,7.53,22552,55343,1.31,40,276,79,49,1879,29,88,439,855,42212,6368,6.628768844,0.150857576,48580
82.8,1288.1,7.55,22489,54798,1.42,11,243,31,35,1509,50,121,535,907,41843,6466,6.471234148,0.154530029,48309
82.9,1289.6,7.55,22586,54468,1.27,23,236,72,14,1465,0,23,413,842,42071,6168,6.820849546,0.146609303,48239
83,1291.1,7.56,22066,53513,1.19,16,251,34,23,1506,7,0,319,880,41151,6372,6.458097928,0.154844354,47523
83.1,1292.5,7.57,21354,51854,1.32,14,177,46,33,1265,57,0,202,899,40667,5989,6.790282184,0.147269285,46656
83.2,1293.9,7.58,21546,52668,1.45,18,158,62,62,1157,125,95,449,629,40943,6112,6.698789267,0.149280707,47055
83.3,1295.5,7.59,22297,54453,1.22,34,289,50,70,1346,69,5,249,1046,42406,6248,6.787131882,0.147337641,48654
83.4,1296.9,7.6,22421,54326,1.29,12,214,26,73,1339,0,0,186,768,42611,6274,6.791679949,0.147238976,48885
83.5,1298.4,7.63,22856,54201,1.18,11,170,43,32,1611,11,19,276,823,42266,6207,6.809408732,0.146855629,48473
83.6,1299.8,7.64,23349,56275,1.44,21,186,37,41,1633,0,0,262,998,43728,6346,6.890639773,0.145124405,50074
83.7,1301.3,7.65,23078,55146,1.33,20,227,34,52,1561,0,0,347,782,42725,6141,6.957335939,0.143733177,48866
83.8,1302.6,7.68,22891,55137,1.27,14,230,14,47,1397,0,140,410,916,42548,6357,6.693094227,0.149407728,48905
83.9,1304,7.69,22708,54062,1.35,12,167,36,12,1404,0,42,474,1053,41969,6156,6.817576348,0.146679692,48125
84,1305.3,7.7,22415,53634,1.39,22,210,26,40,1561,0,0,389,928,41687,6159,6.768468907,0.147743901,47846
84.1,1306.8,7.7,22275,53774,1.24,12,210,32,47,1652,0,0,354,832,41488,6184,6.708926261,0.149055148,47672
84.2,1308.2,7.71,21902,52189,1.19,18,208,0,11,1456,26,0,247,719,40433,6093,6.63597571,0.15069374,46526
84.3,1309.7,7.71,21785,52285,1.22,25,211,29,33,1355,0,95,416,756,40420,6008,6.727696405,0.148639287,46428
84.4,1311.1,7.72,21576,52297,1.25,8,258,17,25,1225,0,0,392,892,40696,5971,6.815608776,0.146722037,46667
84.5,1312.4,7.71,22245,53735,1.35,25,271,40,22,1444,0,0,375,941,41379,6301,6.567052849,0.152275309,47680
84.6,1313.8,7.7,21732,52318,1.23,28,252,33,32,1107,0,60,505,767,40628,6296,6.452986023,0.154967018,46924
84.7,1315.2,7.7,21743,52028,1.41,7,275,53,25,1195,0,99,553,742,40317,5913,6.818366312,0.146662698,46230
84.8,1316.7,7.7,21827,52953,1.43,0,264,39,37,1225,0,24,477,906,41450,5885,7.043330501,0.141978287,47335
84.9,1318,7.7,22338,53929,1.28,15,241,0,23,1355,0,38,569,1020,41802,6145,6.802603743,0.147002536,47947
85,1319.4,7.71,22037,52456,1.08,9,203,16,18,1106,100,0,320,936,40728,6234,6.533205005,0.153064231,46962
85.1,1320.9,7.72,21945,52466,1.18,4,243,22,40,1141,8,0,441,854,40723,6238,6.528214171,0.153181249,46961
85.2,1322.5,7.75,21485,52456,1.26,0,254,45,6,1074,86,210,377,999,40280,6306,6.387567396,0.156554121,46586
85.3,1324,7.77,21434,51513,1.23,0,227,5,13,957,0,12,328,892,40418,6194,6.52534711,0.153248553,46612
85.4,1325.5,7.79,20977,50720,1.21,7,209,27,0,1111,34,29,353,947,39845,5983,6.65970249,0.150156858,45828
85.5,1327,7.8,20507,50063,1.18,0,222,14,16,1064,28,0,359,867,39257,5802,6.766115133,0.147795298,45059
85.6,1328.5,7.81,20804,50850,1.26,0,205,56,24,948,0,129,324,853,40086,5923,6.767854128,0.147757322,46009
85.7,1330,7.83,20546,49542,1.33,0,173,29,10,988,91,0,242,821,38993,5703,6.837278625,0.14625702,44696
85.8,1331.5,7.84,20724,50571,1.21,5,218,5,49,1151,54,91,387,891,39276,5971,6.577792665,0.152026683,45247
85.9,1333,7.84,20886,51175,1.29,29,302,51,37,1386,69,77,447,896,39396,6032,6.531167109,0.153111991,45428
86,1334.6,7.84,20950,50689,1.24,0,231,36,37,1569,44,0,291,854,39095,5708,6.849159075,0.146003325,44803
86.1,1336.1,7.84,21002,51636,1.27,21,290,33,36,1392,56,111,390,885,39485,6043,6.534006288,0.15304546,45528
86.2,1337.6,7.84,21006,51262,1.23,22,284,24,12,1264,60,69,442,792,39716,5896,6.736092266,0.148454024,45612
86.3,1339.1,7.84,21608,52819,1.24,5,226,24,35,1076,72,73,319,906,40948,6503,6.296786099,0.158811175,47451
86.4,1340.6,7.83,22147,54316,1.22,16,202,27,9,1179,0,263,278,1031,41944,6561,6.392927907,0.15642285,48505
86.5,1342.1,7.81,22289,53694,1.3,31,193,0,49,1173,83,84,338,1057,41386,6339,6.52879003,0.153167738,47725
86.6,1343.7,7.82,22290,54308,1.3,13,203,56,28,1372,71,55,409,785,41489,6361,6.522402138,0.153317747,47850
86.7,1345.2,7.83,22610,54968,1.29,14,274,42,66,1770,79,75,652,914,41064,6445,6.371450737,0.156950127,47509
86.8,1346.7,7.83,22229,53327,1.32,25,220,35,24,1691,0,0,503,874,40595,6174,6.575153871,0.152087696,46769
86.9,1348.2,7.84,21754,52142,1.35,0,198,31,47,1457,45,96,343,917,40390,5936,6.804245283,0.146967071,46326
87,1349.7,7.85,21761,51134,1.24,14,216,24,63,1475,47,89,339,750,39318,5752,6.835535466,0.146294318,45070
87.1,1351.1,7.83,22054,52764,1.24,0,199,24,33,1690,67,41,378,800,40557,5873,6.905670015,0.144808541,46430
87.2,1352.6,7.83,21886,53432,1.21,29,251,20,54,2140,56,50,376,975,40733,6142,6.631878867,0.150786831,46875
87.3,1354.1,7.84,22311,53563,1.32,0,179,11,34,1707,72,96,270,735,41627,5965,6.978541492,0.143296418,47592
87.4,1355.7,7.84,22999,55501,1.37,0,218,23,39,1857,101,0,360,906,42696,6464,6.60519802,0.151395915,49160
87.5,1357.3,7.85,23402,55590,1.31,11,240,46,35,2128,186,0,378,900,42892,6051,7.088415138,0.141075259,48943
87.6,1358.8,7.86,23449,56082,1.28,11,206,14,28,1646,114,98,276,1021,43561,6331,6.880587585,0.145336425,49892
87.7,1360.3,7.86,23358,55676,1.24,0,227,9,40,1733,158,0,242,886,42931,6414,6.693327097,0.14940253,49345
87.8,1361.8,7.87,23288,55172,1.42,0,245,41,67,1783,113,0,204,952,42573,6326,6.729845084,0.148591831,48899
87.9,1363.3,7.87,23161,56337,1.36,0,255,20,44,1678,99,59,226,861,43104,6563,6.567728173,0.152259651,49667
88,1364.9,7.87,22927,56309,1.3,25,258,8,18,1869,135,0,370,854,42861,6582,6.511850501,0.153566179,49443
88.1,1366.3,7.88,22763,56314,1.29,13,259,11,51,1969,152,69,339,888,42698,6544,6.524755501,0.153262448,49242
88.2,1367.8,7.88,23037,55663,1.21,0,244,12,15,1871,40,0,371,985,43108,6216,6.935006435,0.144195973,49324
88.3,1369.3,7.89,22435,54937,1.29,8,226,0,41,1821,0,0,302,868,42200,6523,6.469415913,0.15457346,48723
88.4,1370.8,7.88,22325,53360,1.34,0,241,35,59,1781,90,0,355,931,41266,6168,6.690337224,0.149469297,47434
88.5,1372.3,7.88,22318,53617,1.18,7,215,13,47,1726,21,0,317,874,41421,6072,6.821640316,0.146592308,47493
88.6,1373.8,7.87,22526,53493,1.39,0,245,9,84,1733,54,58,371,656,41223,6283,6.561037721,0.152414914,47506
88.7,1375.4,7.86,22525,54356,1.21,11,258,0,34,1660,81,26,405,789,41790,6404,6.525608994,0.153242402,48194
88.8,1376.9,7.85,22317,53489,1.31,20,217,18,55,1615,105,97,369,735,41069,6147,6.681145274,0.149674937,47216
88.9,1378.4,7.84,22322,54537,1.34,27,262,91,42,2076,17,99,270,951,41380,6266,6.603894031,0.15142581,47646
89,1380,7.84,22486,53778,1.3,11,272,22,57,1782,76,26,463,667,41418,6248,6.62900128,0.150852286,47666
89.1,1381.4,7.85,22786,54523,1.26,5,212,13,37,1677,115,11,366,861,42322,6298,6.719911083,0.148811493,48620
89.2,1382.9,7.85,23162,55721,1.22,11,274,30,36,1695,12,57,352,923,43021,6483,6.635971001,0.150693847,49504
89.3,1384.4,7.84,22999,55325,1.2,11,280,57,43,1760,69,19,337,938,42661,6470,6.59366306,0.151660767,49131
89.4,1386,7.84,22872,55423,1.23,21,212,12,41,1710,81,11,313,822,42736,6394,6.683766031,0.149616249,49130
89.5,1387.4,7.85,22812,55733,1.31,33,264,27,31,1901,73,84,447,933,42338,6447,6.567085466,0.152274552,48785
89.6,1389,7.83,21918,52666,1.38,17,301,45,63,2106,57,147,339,851,39717,6103,6.507783058,0.15366216,45820
89.7,1390.5,7.83,20235,49336,1.25,24,237,17,36,1584,60,0,479,902,37963,5852,6.487183869,0.154150094,43815
89.8,1392,7.82,20561,50465,1.27,22,197,39,0,1517,86,79,294,789,39238,5926,6.621329733,0.151027066,45164
89.9,1393.5,7.81,21967,52861,1.11,14,232,5,0,2064,24,0,447,844,40909,6027,6.787622366,0.147326994,46936
90,1394.9,7.81,22264,53687,1.18,7,337,28,36,2518,79,0,478,1019,40349,5965,6.764291702,0.147835138,46314
90.1,1396.3,7.8,21769,53736,1.13,18,282,57,53,2653,89,0,514,921,40222,6071,6.625267666,0.150937298,46293
90.2,1397.8,7.82,20813,52615,1.24,45,242,74,42,3594,0,97,506,1037,38199,6175,6.186072874,0.161653446,44374
90.3,1399.3,7.79,21300,52148,1.32,24,324,33,78,2678,55,0,459,737,38939,6151,6.330515363,0.157965022,45090
90.4,1400.8,7.76,21939,53741,1.27,27,260,32,30,2609,31,0,359,1071,39919,6347,6.289428076,0.158996969,46266
90.5,1402.2,7.74,22302,54214,1.41,41,274,61,48,2997,35,48,345,565,40554,6284,6.453532782,0.154953889,46838
90.6,1403.6,7.73,22370,54086,1.35,11,223,47,42,2593,38,0,563,779,40865,6251,6.537354023,0.152967087,47116
90.7,1405,7.72,22442,54764,1.15,22,265,27,34,3258,75,40,537,749,40561,5890,6.886417657,0.145213382,46451
90.8,1406.5,7.72,22362,54200,1.41,15,240,65,49,3379,82,198,454,756,39830,6158,6.468009094,0.15460708,45988
90.9,1407.9,7.74,21786,53124,1.3,18,228,44,32,3362,62,37,506,968,39049,5942,6.571693033,0.152167789,44991
91,1409.3,7.75,21341,51159,1.45,7,269,41,57,3471,0,0,318,775,37913,5741,6.603901759,0.151425632,43654
91.1,1410.8,7.76,21367,51610,1.49,17,245,48,56,4144,51,0,358,796,37535,5633,6.663412036,0.150073265,43168
91.2,1412.2,7.76,20998,53335,1.4,13,260,23,51,4756,63,47,616,907,37438,6053,6.185032215,0.161680645,43491
91.3,1413.7,7.76,21087,53853,1.49,21,263,20,43,6668,60,156,365,764,37060,5797,6.392961877,0.156422018,42857
91.4,1415.1,7.76,21276,55515,1.43,19,261,47,31,8582,212,0,408,928,36494,5980,6.102675585,0.163862553,42474
91.5,1416.5,7.76,21483,58492,1.27,22,300,86,29,10955,170,131,326,803,36986,6092,6.071240972,0.164710972,43078
91.6,1417.9,7.75,21522,59834,1.29,22,277,169,61,11360,61,25,707,831,37369,6109,6.117040432,0.163477749,43478
91.7,1419.3,7.75,22310,60330,1.3,4,253,50,49,11271,74,14,376,865,38771,6021,6.439295798,0.155296484,44792
91.8,1420.8,7.77,22630,61088,1.36,28,230,24,50,11181,87,0,361,769,39641,6225,6.368032129,0.157034384,45866
91.9,1422.2,7.78,22549,59745,1.54,34,265,76,41,9064,42,0,290,807,40549,6281,6.455819137,0.154899011,46830
92,1423.6,7.79,22356,56770,1.3,13,260,57,56,6479,130,0,290,720,39886,6228,6.404303147,0.156145013,46114
92.1,1425.2,7.79,22116,55301,1.27,35,255,46,23,5357,178,0,371,925,39913,5954,6.703560632,0.149174454,45867
92.2,1426.7,7.79,22156,54688,1.4,14,261,57,54,4983,73,45,355,851,39779,6069,6.554457077,0.152567938,45848
92.3,1428.2,7.79,22274,54994,1.41,13,230,51,45,4576,140,9,348,784,40355,6184,6.525711514,0.153239995,46539
92.4,1429.5,7.79,22740,56646,1.32,14,245,41,19,5263,140,80,391,678,41053,6130,6.697063622,0.149319173,47183
92.5,1430.8,7.79,22778,55560,1.22,0,256,46,10,4158,130,68,466,803,41117,6219,6.611513105,0.151251307,47336
92.6,1432.2,7.79,22597,56112,1.19,26,238,37,40,4060,98,129,420,970,41309,6412,6.442451653,0.155220412,47721
92.7,1433.6,7.79,22353,55034,1.37,13,209,57,24,3811,94,25,535,845,41146,6255,6.578097522,0.152019637,47401
92.8,1435.1,7.79,21934,54635,1.3,5,233,39,52,3532,0,0,279,866,41042,6275,6.540557769,0.152892159,47317
92.9,1436.5,7.8,21793,54879,1.22,12,227,42,29,3606,0,0,451,757,40564,6258,6.481943113,0.154274726,46822
93,1437.9,7.78,22189,56294,1.32,30,240,52,16,4332,0,172,387,772,41313,6546,6.311182401,0.158448914,47859
93.1,1439.1,7.78,22268,55573,1.33,13,232,36,12,4249,18,64,232,775,41525,6110,6.796235679,0.147140277,47635
93.2,1440.5,7.77,21571,52687,1.23,15,223,46,35,2590,0,52,347,813,39690,5995,6.620517098,0.151045603,45685
93.3,1442,7.76,21362,51451,1.41,7,216,67,58,2421,8,65,480,793,39198,5884,6.661794697,0.150109699,45082
93.4,1443.3,7.75,21441,51980,1.4,13,187,48,43,2137,0,0,579,761,39473,6025,6.55153527,0.152635979,45498
93.5,1444.5,7.72,21499,52439,1.46,20,208,76,56,2518,30,6,679,910,38906,6007,6.476777093,0.154397779,44913
93.6,1445.9,7.71,20630,51029,1.38,37,309,284,75,3385,0,139,932,963,36582,6082,6.014797764,0.166256629,42664
93.7,1447.2,7.72,20848,50681,1.25,35,285,157,73,3484,0,283,709,970,36659,5928,6.184041835,0.161706539,42587
93.8,1448.5,7.72,20796,51079,1.28,68,269,134,65,3513,0,101,816,804,37125,5954,6.235303997,0.160377104,43079
93.9,1449.9,7.73,19672,47846,1.19,26,267,93,71,3255,0,123,747,722,34826,5345,6.515622077,0.153477287,40171
94,1451.2,7.74,19659,49687,1.26,29,226,116,72,2880,0,174,1326,897,35460,5861,6.050162088,0.165284828,41321
94.1,1452.7,7.74,21084,50127,1.3,20,226,70,61,3105,0,0,419,744,37370,5699,6.557290753,0.152502007,43069
94.2,1453.8,7.74,19678,48608,1.21,72,233,176,45,3472,0,78,688,730,35131,5524,6.359703114,0.157240044,40655
94.3,1455.2,7.74,18619,47103,1.13,120,281,200,18,3656,0,170,762,752,33071,5481,6.033752965,0.165734329,38552
94.4,1456.6,7.73,18175,46705,1.25,126,339,167,46,4292,0,415,1099,729,31408,5288,5.939485628,0.168364748,36696
94.5,1457.9,7.73,18087,44865,1.28,101,331,146,86,4269,0,145,860,690,30785,5181,5.941903108,0.168296248,35966
94.6,1459.1,7.72,17483,44303,1.17,25,213,70,26,3501,8,228,944,736,30540,5268,5.797266515,0.172495088,35808
94.7,1460.4,7.71,18398,46434,1.27,52,164,97,98,4127,0,458,833,853,31894,5681,5.614152438,0.178121277,37575
94.8,1461.8,7.69,19705,51154,1.31,75,296,143,47,5751,0,340,991,924,34251,5784,5.921680498,0.168870982,40035
94.9,1463.1,7.68,19686,50500,1.24,110,222,128,81,5049,15,198,957,709,34413,5978,5.756607561,0.173713422,40391
95,1464.7,7.7,19636,51033,1.24,110,256,121,109,5196,23,258,972,1004,34432,6038,5.702550513,0.17536013,40470
95.1,1466.1,7.72,20092,51003,1.23,46,237,61,42,4257,140,279,1108,833,35640,6073,5.868598716,0.170398429,41713
95.2,1467.6,7.72,20949,52775,1.24,33,175,72,61,3417,173,213,879,742,38001,6262,6.068508464,0.164785137,44263
95.3,1469.1,7.72,21632,55694,1.34,23,221,65,14,4427,169,111,716,1070,39230,6487,6.047479575,0.165358144,45717
95.4,1470.6,7.73,21829,56026,1.33,6,192,33,51,5117,158,0,528,904,40317,6397,6.30248554,0.15866756,46714
95.5,1472.1,7.73,22408,57528,1.19,6,198,11,27,5753,144,119,346,944,41117,6441,6.383636081,0.156650534,47558
95.6,1473.7,7.73,22938,58562,1.26,14,196,42,57,6836,71,0,285,767,41380,6404,6.461586508,0.154760754,47784
95.7,1475.3,7.72,22485,56735,1.21,22,194,49,13,4358,15,98,306,969,41642,6345,6.562962963,0.152370203,47987
95.8,1476.8,7.74,22145,53511,1.32,6,244,65,50,2314,29,0,339,950,40854,6087,6.711680631,0.148993979,46941
95.9,1478.3,7.74,21666,50953,1.25,19,234,73,29,1675,0,173,318,704,39399,5895,6.68346056,0.149623087,45294
96,1479.8,7.75,21265,51386,1.26,0,180,23,33,1814,0,0,275,691,39433,6154,6.407702307,0.156062181,45587
96.1,1481.4,7.75,20750,49690,1.41,16,172,51,22,1848,0,0,306,734,38288,5948,6.437121722,0.155348934,44236
96.2,1483.1,7.74,21169,51533,1.25,8,236,56,79,2855,66,0,404,766,38591,6014,6.416860658,0.155839444,44605
96.3,1484.6,7.74,20756,49535,1.26,22,258,67,80,2803,0,132,481,888,36500,5865,6.223358909,0.160684932,42365
96.4,1486.2,7.74,19487,46594,1.29,15,238,55,58,2608,0,258,646,827,33526,5579,6.009320667,0.166408161,39105
96.5,1487.7,7.75,18375,43812,1.24,8,163,52,54,2575,0,266,673,860,31542,5361,5.883603805,0.169963858,36903
96.6,1489.2,7.74,18926,45412,1.32,19,147,50,63,2972,0,313,775,895,32597,5558,5.864879453,0.170506488,38155
96.7,1490.8,7.73,20000,49608,1.22,34,139,70,69,3432,0,302,905,777,35582,5973,5.957140465,0.167865775,41555
96.8,1492.3,7.75,20995,51848,1.26,42,190,99,23,3307,111,240,772,692,37931,6068,6.250988794,0.159974691,43999
96.9,1493.8,7.79,21168,52024,1.44,73,243,112,38,3594,14,195,629,899,37685,6005,6.275603664,0.15934722,43690
97,1495.4,7.82,21130,52087,1.26,64,226,100,72,3213,0,49,435,944,38397,6250,6.14352,0.162773133,44647
97.1,1496.9,7.85,21321,52188,1.31,29,220,91,51,2808,0,100,736,896,38340,6179,6.204887522,0.161163276,44519
97.2,1498.4,7.84,20944,51462,1.29,84,230,116,42,3072,0,9,757,766,37926,6137,6.179892456,0.161815114,44063
97.3,1499.8,7.85,20837,51560,1.28,48,260,67,51,2694,0,105,749,993,37985,5902,6.435953914,0.155377123,43887
97.4,1501.4,7.86,21009,52206,1.29,37,280,110,60,2327,0,226,904,1043,38732,6337,6.112040398,0.163611484,45069
97.5,1502.9,7.86,21045,51971,1.32,38,243,99,15,2340,0,66,880,861,38685,6241,6.198525877,0.16132868,44926
97.6,1504.4,7.85,21210,52271,1.32,39,253,139,61,1904,0,127,780,930,39778,6116,6.503924133,0.153753331,45894
97.7,1505.9,7.83,21268,52188,1.23,19,276,92,21,2150,0,123,766,1018,39433,6083,6.482492191,0.154261659,45516
97.8,1507.5,7.82,22006,53787,1.27,18,219,76,50,1834,0,195,765,1055,41213,6205,6.641901692,0.15055929,47418
97.9,1509.2,7.82,22206,53837,1.28,31,254,49,21,1707,0,26,640,1070,41613,6048,6.880456349,0.145339197,47661
98,1510.7,7.82,22739,54362,1.41,0,279,61,15,1662,0,0,519,740,42105,6308,6.674857324,0.149815936,48413
98.1,1512.2,7.83,22826,55264,1.42,10,254,71,13,1659,0,0,614,935,42823,6256,6.845108696,0.146089718,49079
98.2,1513.7,7.84,22772,54988,1.27,24,227,69,42,1551,0,27,407,850,42818,6351,6.741930405,0.148325471,49169
98.3,1515.3,7.84,22589,55671,1.26,18,257,30,53,1497,0,262,683,999,42412,6151,6.895139002,0.145029709,48563
98.4,1516.8,7.83,23036,55693,1.32,25,271,85,39,1289,0,62,564,996,43256,6234,6.938723131,0.144118735,49490
98.5,1518.3,7.83,22734,55301,1.21,13,321,79,36,1444,0,97,492,838,42869,6226,6.885480244,0.145233152,49095
98.6,1519.9,7.83,22084,53795,1.24,24,348,66,46,1285,6,57,502,839,41366,6326,6.53904521,0.152927525,47692
98.7,1521.5,7.8,21303,51505,1.29,13,327,23,26,1401,0,41,447,801,39637,5759,6.88261851,0.145293539,45396
98.8,1523,7.77,20872,51131,1.19,43,361,48,27,1316,0,0,368,845,39796,5855,6.796925705,0.147125339,45651
98.9,1524.4,7.76,20572,50807,1.34,0,245,39,56,828,0,181,437,822,39834,5780,6.891695502,0.145102174,45614
99,1526,7.75,22127,53805,1.4,9,238,39,28,1368,0,87,567,784,41269,6235,6.618925421,0.151081926,47504
99.1,1527.5,7.75,22683,54562,1.45,0,302,52,29,2259,0,57,381,1092,41466,6274,6.609180746,0.151304683,47740
99.2,1529.1,7.76,22954,55531,1.36,23,261,24,55,2521,0,0,409,987,42250,6263,6.745968386,0.148236686,48513
99.3,1530.6,7.76,22975,55084,1.39,8,284,33,33,2190,62,0,288,806,41942,6279,6.679726071,0.149706738,48221
99.4,1532.1,7.77,22676,54687,1.37,14,358,29,64,2402,0,0,355,950,41547,6115,6.79427637,0.147182709,47662
99.5,1533.7,7.77,22204,53499,1.45,35,252,38,47,1713,8,64,452,822,41093,5867,7.004090677,0.142773708,46960
99.6,1535.2,7.78,22645,55734,1.28,24,227,31,52,1843,35,77,380,1150,42534,6365,6.682482325,0.14964499,48899
99.7,1536.8,7.78,22353,53869,1.52,0,187,54,8,1385,0,64,299,1072,41809,6260,6.678753994,0.149728527,48069
99.8,1538.3,7.78,22665,54265,1.43,16,186,22,44,1428,42,0,288,949,42256,6431,6.570673301,0.152191405,48687
99.9,1539.9,7.78,22697,54635,1.2,0,245,26,29,2082,0,49,317,856,41858,6267,6.679112813,0.149720484,48125
100,1541.5,7.78,22496,55150,1.22,0,239,23,38,2406,28,109,292,771,42295,6208,6.812983247,0.146778579,48503
100.1,1542.8,7.79,21520,52672,1.29,25,188,48,48,1620,112,0,338,1014,40580,6073,6.682035238,0.149655002,46653
100.2,1544.3,7.79,21222,51672,1.29,5,182,26,59,1682,98,0,285,868,39911,5967,6.688620747,0.149507655,45878
100.3,1545.9,7.78,21365,51450,1.36,0,194,27,0,1649,0,0,251,965,39876,5883,6.778174401,0.14753235,45759
100.4,1547.3,7.77,21558,52232,1.31,20,218,24,28,2186,0,0,362,823,40084,5880,6.817006803,0.146691947,45964
100.5,1548.9,7.76,21463,52834,1.22,0,234,28,43,2432,0,87,491,785,40258,6020,6.687375415,0.149535496,46278
100.6,1550.3,7.76,21735,53196,1.22,0,294,8,40,1565,22,75,228,805,41097,6129,6.705335291,0.149134973,47226
100.7,1551.8,7.77,21978,53266,1.44,0,273,47,46,1469,0,156,547,786,40913,6079,6.730218786,0.14858358,46992
100.8,1553.1,7.76,22195,53570,1.42,19,256,65,24,886,0,59,553,964,42003,5939,7.072402761,0.141394662,47942
100.9,1554.6,7.73,22737,53683,1.28,13,250,19,25,785,0,37,538,604,42358,6187,6.846290609,0.146064498,48545
101,1556.2,7.71,22884,54704,1.41,7,233,30,53,834,0,133,690,715,43044,6132,7.019569472,0.142458879,49176
101.1,1557.5,7.7,22902,53396,1.38,0,265,9,10,845,0,160,383,837,42225,5979,7.062217762,0.141598579,48204
101.2,1559,7.7,23183,55689,1.39,0,280,34,25,1133,0,0,480,742,43462,6321,6.875810789,0.145437394,49783
101.3,1560.4,7.7,23492,55961,1.48,30,261,22,77,1330,0,114,308,977,43710,6306,6.931493815,0.144269046,50016
101.4,1561.9,7.71,23393,55715,1.45,9,263,77,44,1307,0,72,536,837,43283,6285,6.886714399,0.145207125,49568
101.5,1563.4,7.72,23028,54544,1.49,16,207,24,24,969,0,42,351,844,42965,6312,6.806875792,0.146910276,49277
101.6,1564.9,7.73,23009,54623,1.36,8,245,23,48,1128,0,190,546,1004,42691,6036,7.072730285,0.141388115,48727
101.7,1566.3,7.74,23016,55175,1.52,4,195,0,21,1262,0,28,487,908,43298,6097,7.10152534,0.140814818,49395
101.8,1567.9,7.74,23108,54214,1.45,0,127,37,31,941,0,54,460,850,43219,6263,6.900686572,0.144913117,49482
101.9,1569.4,7.72,23346,55191,1.68,11,134,29,58,1848,0,163,431,817,43184,6215,6.948350764,0.143919044,49399
102,1570.7,7.71,23202,55761,1.26,26,191,32,16,1342,0,121,420,829,43665,6231,7.007703418,0.142700103,49896
102.1,1572.2,7.71,23237,55311,1.47,6,194,26,42,1194,0,121,546,898,43352,6452,6.719156851,0.148828197,49804
102.2,1573.7,7.72,22902,54792,1.37,4,204,41,28,1241,0,89,320,1108,42845,6557,6.534238219,0.153040028,49402
102.3,1575.2,7.73,23018,54987,1.31,21,220,42,25,1430,17,22,369,669,42739,6384,6.694705514,0.149371768,49123
102.4,1576.7,7.74,23104,55766,1.59,0,239,39,20,1612,49,45,472,779,43653,6436,6.782628962,0.147435457,50089
102.5,1578,7.76,23137,55550,1.45,16,177,25,33,1612,0,0,466,863,43396,6258,6.934483861,0.144206839,49654
102.6,1579.4,7.76,23143,54543,1.48,0,195,46,32,1490,0,0,361,635,43043,6192,6.951388889,0.143856144,49235
102.7,1580.8,7.76,23212,56333,1.47,18,266,53,47,1238,76,0,378,1054,43935,6511,6.747811396,0.148196199,50446
102.8,1582.3,7.76,23121,55140,1.56,26,170,13,46,891,0,137,363,1078,43461,6546,6.639321723,0.150617795,50007
102.9,1583.8,7.76,23215,55652,1.48,9,183,37,57,913,0,0,354,832,43789,6607,6.627667625,0.150882642,50396
103,1585.3,7.75,23692,57235,1.33,28,289,39,68,826,0,200,447,1070,44465,6742,6.595223969,0.151624873,51207
103.1,1586.7,7.74,23920,57053,1.51,0,190,61,16,978,41,85,586,807,44623,6671,6.689102084,0.149496896,51294
103.2,1588.3,7.75,23779,56553,1.35,22,233,7,57,956,32,213,325,836,44245,6593,6.710905506,0.149011188,50838
103.3,1589.7,7.75,23745,57439,1.38,14,253,44,53,1171,0,142,532,1094,44165,6658,6.633373385,0.150752859,50823
103.4,1591.2,7.75,23762,56164,1.33,0,259,27,33,1041,37,0,574,941,43742,6365,6.872270228,0.145512322,50107
103.5,1592.6,7.75,23504,55946,1.41,8,251,0,57,1077,40,86,438,906,43281,6388,6.77536005,0.147593632,49669
103.6,1594.1,7.76,23194,55704,1.47,20,233,28,53,1367,0,82,705,958,43002,6301,6.824631011,0.146528068,49303
103.7,1595.6,7.76,23170,55845,1.52,19,201,51,51,1557,0,11,491,1035,42977,6496,6.615917488,0.151150615,49473
103.8,1597,7.75,23128,55761,1.46,13,203,32,39,1840,0,0,528,868,43100,6282,6.860872334,0.14575406,49382
103.9,1598.7,7.75,23438,57392,1.46,16,235,26,49,1801,81,13,764,912,43786,6700,6.535223881,0.153016946,50486
104,1600,7.76,23547,57547,1.57,38,294,171,64,2138,0,108,694,923,43571,6556,6.645973154,0.150467054,50127
104.1,1601.5,7.77,23642,57887,1.5,66,404,254,60,2777,74,0,592,897,43462,6270,6.931738437,0.144263955,49732
104.2,1602.9,7.78,23436,54914,1.56,0,231,52,40,1986,8,0,377,688,42388,6278,6.751831794,0.148107955,48666
104.3,1604.4,7.78,23281,54977,1.49,0,242,0,48,2475,44,88,451,847,41819,6075,6.883786008,0.145268897,47894
104.4,1605.8,7.76,22488,53033,1.6,16,132,48,41,1591,72,9,406,989,41240,5954,6.926436009,0.144374394,47194
104.5,1607.2,7.75,21855,51519,1.41,0,190,17,18,2138,0,121,588,836,39424,5874,6.711610487,0.148995536,45298
104.6,1608.8,7.76,21653,53040,1.74,42,263,61,101,3346,0,348,843,1033,38478,6173,6.233273935,0.160429336,44651
104.7,1610.2,7.77,21439,52106,1.46,18,195,61,43,3471,0,334,784,753,37518,6080,6.170723684,0.162055547,43598
104.8,1611.7,7.79,21004,51677,1.72,40,252,147,63,3905,0,306,854,714,37304,6063,6.152729672,0.162529487,43367
104.9,1613.2,7.79,20844,53777,1.42,22,188,178,87,4421,28,532,863,831,37688,6308,5.974635384,0.167374231,43996
105,1614.7,7.78,21689,55174,1.44,39,265,215,87,4995,0,380,1041,754,38742,6447,6.009306654,0.166408549,45189
105.1,1616.2,7.77,23351,59152,1.46,59,360,253,109,3804,0,199,854,645,43150,6888,6.264518002,0.1596292,50038
105.2,1617.7,7.78,23930,57411,1.45,24,276,36,55,1377,13,0,645,1003,44707,6480,6.899228395,0.144943745,51187
105.3,1619.2,7.79,23439,55806,1.46,10,200,24,47,1081,0,29,746,952,43498,6434,6.760646565,0.147914847,49932
105.4,1620.7,7.8,23752,58143,1.59,27,284,27,48,1148,0,182,539,1027,45085,6640,6.789909639,0.147277365,51725
105.5,1622.2,7.78,24076,57789,1.44,0,286,0,64,1220,0,91,615,878,45449,6676,6.807819053,0.146889921,52125
105.6,1623.7,7.77,24246,57657,1.49,25,245,58,81,1307,0,49,562,888,45267,6591,6.868001821,0.145602757,51858
105.7,1625.1,7.77,24326,57983,1.61,0,254,77,22,1495,0,0,557,905,45301,6474,6.997374112,0.142910753,51775
105.8,1626.5,7.76,24218,57534,1.39,7,304,37,47,1477,17,34,524,809,44720,6715,6.659717051,0.15015653,51435
105.9,1628.1,7.75,24335,58473,1.4,0,286,71,51,2013,0,90,531,800,45159,6657,6.783686345,0.147412476,51816
106,1629.5,7.76,23873,57139,1.6,12,325,99,76,1889,0,0,464,880,44326,6526,6.792215752,0.147227361,50852
106.1,1631,7.76,23686,55891,1.52,20,338,12,63,1595,0,0,318,796,43967,6230,7.057303371,0.141697182,50197
106.2,1632.3,7.76,23660,55960,1.38,18,224,19,19,1340,0,73,395,930,43837,6599,6.642976209,0.150534936,50436
106.3,1633.8,7.77,23530,55345,1.42,11,214,23,32,1140,0,23,398,761,43674,6203,7.040786716,0.142029583,49877
106.4,1635.4,7.77,23732,55489,1.37,15,271,31,70,957,27,6,398,858,43762,6284,6.964035646,0.1435949,50046
106.5,1636.8,7.75,23813,55750,1.48,11,252,32,21,1383,0,0,409,707,43940,6534,6.724823998,0.148702777,50474
106.6,1638.3,7.73,24337,57067,1.51,0,257,29,66,1584,61,51,634,872,44168,6580,6.712462006,0.148976635,50748
106.7,1639.8,7.71,24024,57030,1.39,6,237,10,56,1280,0,0,668,697,44471,6472,6.871291718,0.145533044,50943
106.8,1641.3,7.71,23811,56390,1.37,25,248,28,17,1396,0,79,601,961,43759,6381,6.857702554,0.145821431,50140
106.9,1642.8,7.7,23729,56964,1.26,0,279,51,49,2655,58,0,482,791,43096,6530,6.599693721,0.151522183,49626
107,1644.5,7.7,23479,57731,1.41,7,291,44,51,3883,64,113,497,1046,42884,6031,7.110595258,0.140635202,48915
107.1,1645.9,7.69,23709,58354,1.44,15,223,25,29,3469,18,0,526,790,43584,6342,6.872280038,0.145512115,49926
107.2,1647.5,7.68,23962,58284,1.42,0,215,14,33,3574,0,82,602,797,43435,6494,6.688481675,0.149510763,49929
107.3,1648.9,7.68,23844,57247,1.22,11,275,32,29,3253,0,172,518,885,43008,6336,6.787878788,0.147321429,49344
107.4,1650.4,7.68,23352,57194,1.29,17,295,31,53,2304,0,66,649,1088,42886,6475,6.623320463,0.150981672,49361
107.5,1651.9,7.68,23094,55269,1.33,0,354,52,71,1603,0,9,356,901,42512,6496,6.544334975,0.152803914,49008
107.6,1653.3,7.68,22250,53382,1.38,15,344,51,24,1141,0,79,581,874,41401,6276,6.596717655,0.151590541,47677
107.7,1654.9,7.68,22850,54672,1.31,7,269,51,9,1154,0,0,618,911,42607,6241,6.826950809,0.146478278,48848
107.8,1656.4,7.66,22282,53684,1.21,0,233,69,22,892,19,0,408,921,42134,6265,6.725299282,0.148692268,48399
107.9,1657.9,7.65,22633,54859,1.23,8,230,53,27,978,0,185,502,920,42830,6402,6.690096845,0.149474667,49232
108,1659.5,7.65,22818,55029,1.39,5,234,32,55,1209,96,55,337,864,42379,6576,6.444495134,0.155171193,48955
108.1,1661,7.67,22594,53076,1.33,0,255,38,45,1684,47,82,560,672,40899,6010,6.80515807,0.146947358,46909
108.2,1662.6,7.69,21943,52033,1.29,5,264,62,42,1809,0,0,403,918,39868,6114,6.520771999,0.153356075,45982
108.3,1664.1,7.71,21091,49500,1.29,27,252,27,58,1777,7,0,308,754,37544,5775,6.501125541,0.153819518,43319
108.4,1665.6,7.71,20261,47723,1.27,4,150,26,43,1740,36,134,400,861,35780,5373,6.659222036,0.150167691,41153
108.5,1667.1,7.71,19784,47363,1.34,0,194,57,33,1854,0,21,482,696,35433,5581,6.348862211,0.157508537,41014
108.6,1668.7,7.7,20336,48653,1.22,7,220,15,64,2780,66,9,484,783,35603,5681,6.267030452,0.159565205,41284
108.7,1670,7.68,20638,48733,1.36,0,208,37,47,3269,80,0,487,610,35676,5467,6.525699652,0.153240274,41143
108.8,1671.5,7.68,20696,50864,1.32,8,188,24,46,4957,0,206,377,720,35763,5751,6.218570683,0.160808657,41514
108.9,1673,7.68,20738,52937,1.45,11,228,22,37,8391,62,67,322,741,34679,5750,6.031130435,0.165806396,40429
109,1674.5,7.67,20538,54956,1.31,4,257,39,77,10917,47,0,283,634,34176,5648,6.050991501,0.165262172,39824
109.1,1676,7.67,21266,64513,1.47,7,280,53,53,21188,217,0,374,686,33295,5707,5.834063431,0.171407118,39002
109.2,1677.4,7.67,21483,70770,1.51,18,338,11,59,28730,404,0,161,600,32194,5503,5.850263493,0.170932472,37697
109.3,1678.9,7.68,20996,69569,1.46,0,271,67,34,27971,526,9,279,550,31323,5444,5.753673769,0.173801999,36767
109.4,1680.4,7.68,21110,70079,1.49,4,285,28,25,29567,697,0,277,556,30847,5194,5.93896804,0.168379421,36041
109.5,1682,7.69,20861,67283,1.43,14,218,6,7,26565,575,197,212,586,31214,5199,6.003846894,0.166559877,36413
109.6,1683.4,7.69,19974,61646,1.55,4,206,42,24,22005,448,0,239,598,30110,5339,5.63963289,0.177316506,35449
109.7,1685.1,7.69,20198,63114,1.48,10,234,48,33,22722,552,129,392,409,30497,5175,5.893140097,0.169688822,35672
109.8,1686.6,7.7,20489,62408,1.44,10,220,0,53,21510,465,0,380,737,30901,5160,5.988565891,0.166984887,36061
109.9,1688.1,7.72,20681,64910,1.63,0,213,54,9,23977,352,95,337,670,30964,5301,5.841162045,0.171198812,36265
110,1689.6,7.73,20752,64529,1.42,5,228,0,27,23786,520,43,415,562,30804,5203,5.920430521,0.168906636,36007
110.1,1691,7.73,20653,64299,1.45,7,195,13,72,24142,506,46,351,671,30316,5205,5.824399616,0.171691516,35521
110.2,1692.6,7.73,20467,63538,1.38,0,185,17,24,23999,437,10,387,761,30066,5241,5.736691471,0.174316504,35307
110.3,1694,7.73,20440,61349,1.55,0,171,38,34,22357,505,0,212,723,29836,4987,5.982755163,0.167147071,34823
110.4,1695.4,7.73,20839,65071,1.38,10,174,60,41,24684,456,0,394,651,30636,5250,5.835428571,0.171367019,35886
110.5,1696.9,7.73,20786,63583,1.44,5,192,35,41,22130,527,68,308,772,31288,5593,5.594135527,0.17875863,36881
110.6,1698.4,7.74,21531,67956,1.44,0,196,52,55,26415,539,0,418,812,31828,5355,5.943604108,0.168248083,37183
110.7,1699.9,7.76,21920,69113,1.32,10,211,31,34,25420,618,67,302,671,33573,5420,6.194280443,0.161439252,38993
110.8,1701.4,7.77,21374,64511,1.54,18,153,26,72,20613,458,0,353,631,33858,5564,6.08519051,0.164333392,39422
110.9,1702.8,7.77,21619,66745,1.63,0,205,52,33,23562,423,0,358,493,33104,5726,5.781348236,0.172970034,38830
111,1704.3,7.77,22041,70832,1.51,0,189,23,55,27451,414,0,349,611,33606,5502,6.107960742,0.163720764,39108
111.1,1705.8,7.78,21450,66367,1.41,14,170,45,36,24292,482,0,269,509,32833,5480,5.991423358,0.166905248,38313
111.2,1707.4,7.8,21440,68570,1.39,0,181,5,69,26004,438,0,422,680,32786,5463,6.001464397,0.166625999,38249
111.3,1708.8,7.81,21706,71146,1.43,0,225,58,47,28991,425,0,273,709,32329,5549,5.826094792,0.17164156,37878
111.4,1710.4,7.84,21909,72518,1.39,17,197,36,64,29364,371,7,405,494,33032,5731,5.763741057,0.173498426,38763
111.5,1711.8,7.86,21686,68415,1.52,0,187,0,30,25526,270,92,307,749,33236,5740,5.790243902,0.172704297,38976
111.6,1713.2,7.87,21345,63972,1.35,0,108,0,37,20826,310,0,251,565,33881,5656,5.990275813,0.166937221,39537
111.7,1714.7,7.86,21632,65725,1.59,6,166,24,54,22482,171,34,292,643,33714,5544,6.081168831,0.164442072,39258
111.8,1716.2,7.85,21393,61419,1.37,14,161,15,33,17240,134,0,280,658,34762,5652,6.150389243,0.162591335,40414
111.9,1717.7,7.84,21656,64494,1.49,12,223,0,24,20537,181,40,390,801,33858,5830,5.80754717,0.172189734,39688
112,1719.2,7.85,21855,66263,1.68,0,226,52,48,22809,115,0,270,647,34029,5602,6.074437701,0.164624291,39631
112.1,1720.7,7.86,21689,63901,1.49,6,222,41,30,20526,157,188,344,675,34034,5594,6.084018591,0.164365047,39628
112.2,1722.3,7.87,21524,63200,1.56,20,187,23,47,20181,59,0,258,541,33888,5526,6.132464712,0.163066572,39414
112.3,1723.7,7.88,21228,62290,1.6,0,144,56,33,19374,69,124,218,635,33709,5435,6.202207912,0.161232905,39144
112.4,1725.3,7.88,21433,63648,1.42,15,153,65,31,20332,100,32,145,585,34051,5737,5.935332055,0.16848257,39788
112.5,1726.8,7.87,21723,64752,1.27,5,160,29,35,20229,20,53,303,780,34782,5651,6.155016811,0.162469093,40433
112.6,1728.3,7.87,22083,66282,1.36,12,198,34,44,20482,4,0,215,800,35821,6045,5.925723739,0.168755758,41866
112.7,1729.7,7.87,21709,62293,1.46,0,128,27,64,16527,77,46,252,774,35791,5859,6.108721625,0.163700372,41650
112.8,1731.1,7.88,21999,64677,1.46,0,211,0,59,19035,8,0,251,791,36122,5794,6.234380394,0.160400864,41916
112.9,1732.6,7.87,21987,63838,1.56,0,173,31,59,18608,23,0,426,614,35410,5659,6.257289274,0.159813612,41069
113,1734.1,7.87,22111,65181,1.58,14,161,30,49,19838,0,200,293,761,35548,5752,6.180111266,0.161809384,41300
113.1,1735.6,7.87,22339,67022,1.42,19,206,14,33,21546,0,18,217,679,35761,5869,6.093201568,0.164117335,41630
113.2,1737.1,7.86,21803,62795,1.5,0,128,36,70,17540,47,52,179,788,35976,5849,6.150795008,0.162580609,41825
113.3,1738.6,7.86,22352,65591,1.48,0,199,29,28,20068,25,22,46,681,35840,5830,6.147512864,0.162667411,41670
113.4,1740.1,7.85,22354,66016,1.22,0,137,45,56,19337,0,10,325,749,37025,5864,6.313949523,0.158379473,42889
113.5,1741.6,7.86,22198,64869,1.45,0,113,23,22,18086,0,136,402,807,37060,5575,6.647533632,0.150431732,42635
113.6,1743.1,7.87,22546,67968,1.56,7,172,19,38,20554,0,0,285,779,37046,6091,6.082088327,0.164417211,43137
113.7,1744.7,7.88,22696,66897,1.4,0,120,18,76,18110,0,134,396,705,38183,6275,6.084940239,0.164340151,44458
113.8,1746.2,7.9,22761,64388,1.34,0,217,55,76,16059,0,119,207,717,38138,5796,6.58005521,0.151974409,43934
113.9,1747.7,7.91,22693,63156,1.41,0,169,36,20,15113,0,97,245,713,37997,6119,6.209674783,0.161039029,44116
114,1749.3,7.9,22427,60235,1.39,9,203,8,45,12417,0,0,198,775,38203,5792,6.595821823,0.15161113,43995
114.1,1750.8,7.9,22460,61068,1.42,0,157,21,24,13225,0,0,62,742,38041,6028,6.310716656,0.158460608,44069
114.2,1752.4,7.89,22668,61561,1.55,6,173,42,0,12661,0,26,225,780,38734,6054,6.398083911,0.156296794,44788
114.3,1753.8,7.88,23169,63957,1.36,0,174,21,52,14246,0,0,0,790,39357,6070,6.483855025,0.154229235,45427
114.4,1755.1,7.88,23329,63116,1.33,0,171,0,34,12537,0,0,278,806,40020,6396,6.257035647,0.15982009,46416
114.5,1756.7,7.87,23298,62063,1.41,0,178,29,9,10594,0,0,247,872,40605,6454,6.291447165,0.158945943,47059
114.6,1758.1,7.87,23589,60791,1.37,0,161,15,53,9277,0,14,281,751,41060,6176,6.648316062,0.150414028,47236
114.7,1759.6,7.87,24170,62749,1.52,10,214,18,19,9078,0,0,247,890,42104,6576,6.402676399,0.156184686,48680
114.8,1761,7.87,24145,62803,1.33,6,213,0,16,8957,0,88,336,874,42092,6262,6.721814117,0.148769362,48354
114.9,1762.6,7.88,23889,61621,1.52,0,130,11,53,8700,0,22,197,820,42278,6169,6.853298752,0.145915133,48447
115,1764,7.88,23486,60575,1.29,0,190,0,33,8370,0,0,141,856,41787,6237,6.6998557,0.149256946,48024
115.1,1765.5,7.87,23414,58732,1.43,10,190,54,28,6734,0,128,240,818,41725,6183,6.748342229,0.148184542,47908
115.2,1766.9,7.86,23641,60015,1.41,0,189,33,24,7490,0,0,146,925,42114,6284,6.701782304,0.149214038,48398
115.3,1768.5,7.86,23594,59622,1.21,16,234,23,36,6809,0,0,188,981,42206,6425,6.569027237,0.152229541,48631
115.4,1769.8,7.85,23855,59849,1.28,22,226,39,42,6626,0,83,177,693,42669,6352,6.717411839,0.148866859,49021
115.5,1771.4,7.85,23956,60319,1.34,19,233,10,53,6302,17,64,105,835,43045,6556,6.565741306,0.152305727,49601
115.6,1772.8,7.84,23980,60239,1.42,0,194,66,32,6475,0,0,395,974,42707,6311,6.767073364,0.14777437,49018
115.7,1774.3,7.83,24246,59481,1.51,0,200,8,11,6599,0,0,209,870,42170,6441,6.547120012,0.152738914,48611
115.8,1775.9,7.83,23867,59930,1.34,20,217,43,18,6384,0,55,322,838,42429,6607,6.421825337,0.155718966,49036
115.9,1777.4,7.83,23734,60270,1.41,7,236,50,34,6843,0,0,297,922,42900,6337,6.769764873,0.147715618,49237
116,1778.6,7.84,23662,59538,1.22,0,198,25,15,6525,0,0,145,738,42788,6119,6.992645857,0.143007385,48907
116.1,1780,7.84,24043,60833,1.35,5,249,54,29,6939,0,0,346,1050,42722,6531,6.541417853,0.152872057,49253
116.2,1781.5,7.84,23584,59593,1.57,11,221,58,26,6618,0,0,126,912,42624,6444,6.61452514,0.151182432,49068
116.3,1783.1,7.84,23764,58249,1.35,16,218,58,35,5182,0,7,231,840,42520,6473,6.568824347,0.152234243,48993
116.4,1784.5,7.84,23656,59186,1.26,12,225,0,67,5314,13,0,218,879,43326,6540,6.624770642,0.150948622,49866
116.5,1786.1,7.82,23719,59522,1.52,21,214,7,50,5526,0,0,244,986,43410,6424,6.75747198,0.147984335,49834
116.6,1787.7,7.8,24322,60985,1.38,7,204,33,54,5887,0,0,187,909,44082,6654,6.624887286,0.150945964,50736
116.7,1789.3,7.8,23914,59476,1.23,18,254,34,57,6180,0,0,155,699,43056,6351,6.779404818,0.147505574,49407
116.8,1790.7,7.8,23828,59610,1.25,9,242,16,22,5964,0,5,70,1105,42963,6552,6.557234432,0.152503317,49515
116.9,1792.2,7.8,24256,61083,1.35,0,278,27,50,6708,0,107,238,894,43410,6593,6.584256029,0.151877448,50003
117,1793.7,7.8,23313,58357,1.25,0,208,59,57,4956,28,26,271,841,42661,6444,6.620266915,0.151051312,49105
117.1,1795.1,7.8,23224,57980,1.32,7,229,0,39,4868,0,132,260,898,42302,6360,6.651257862,0.150347501,48662
117.2,1796.5,7.76,23010,56502,1.25,0,219,17,39,3763,0,53,237,964,42535,6124,6.945623775,0.14397555,48659
117.3,1798,7.74,24003,58623,1.34,23,198,28,0,3674,0,8,185,957,44224,6581,6.719951375,0.148810601,50805
117.4,1799.5,7.75,24098,58882,1.31,6,192,40,32,4013,0,50,244,928,43877,6732,6.517676768,0.153428904,50609
117.5,1800.9,7.77,23694,58466,1.38,5,222,36,19,4270,0,21,310,947,43424,6506,6.67445435,0.149824982,49930
117.6,1802.5,7.79,23615,58496,1.27,0,190,36,51,4317,0,0,315,958,43320,6307,6.868558744,0.145590951,49627
117.7,1803.9,7.8,23225,56590,1.31,24,197,46,55,3359,0,62,331,963,42633,6284,6.784373011,0.147397556,48917
117.8,1805.5,7.8,23244,56552,1.28,0,227,30,10,2557,33,0,258,912,42947,6516,6.591006753,0.15172189,49463
117.9,1807,7.79,23009,56008,1.38,11,235,6,13,2290,0,0,62,853,43496,6137,7.087502037,0.141093434,49633
118,1808.5,7.8,23192,56703,1.28,7,183,18,0,2362,0,0,199,954,43322,6200,6.987419355,0.143114353,49522
118.1,1810.1,7.8,23024,57088,1.27,9,229,6,35,2763,0,42,187,923,42361,6193,6.840142096,0.146195793,48554
118.2,1811.6,7.79,22244,54956,1.29,6,229,47,38,2528,0,0,119,917,41320,5963,6.929397954,0.144312682,47283
118.3,1813.1,7.75,23324,57597,1.32,4,239,37,29,2886,0,0,262,963,41846,6674,6.270002997,0.159489557,48520
118.4,1814.7,7.71,23808,58235,1.32,7,304,36,37,3656,0,69,269,772,42557,6432,6.616449005,0.151138473,48989
118.5,1816.1,7.72,22894,56053,1.36,0,229,41,11,2492,0,0,159,1018,42214,6370,6.62700157,0.150897806,48584
118.6,1817.6,7.73,23133,56109,1.22,11,213,43,24,2204,0,0,106,885,42860,6080,7.049342105,0.14185721,48940
118.7,1819.1,7.73,23436,58089,1.54,11,207,24,24,1766,0,33,445,958,43876,6388,6.868503444,0.145592123,50264
118.8,1820.6,7.73,23855,58493,1.35,12,189,5,49,2110,0,101,333,899,44064,6484,6.795805059,0.147149601,50548
118.9,1822.2,7.72,24226,58770,1.43,0,243,43,0,2311,0,0,188,909,44589,6567,6.789858383,0.147278477,51156
119,1823.7,7.73,24119,58560,1.25,0,215,34,54,2704,33,164,272,1018,44145,6458,6.835707649,0.146290633,50603
119.1,1825.3,7.73,24171,59754,1.28,0,201,20,35,3395,0,0,140,1135,44581,6738,6.616355001,0.15114062,51319
119.2,1826.8,7.74,24007,58788,1.38,0,259,33,28,3328,90,76,143,946,43982,6491,6.775843476,0.147583102,50473
119.3,1828.2,7.74,24148,58309,1.2,0,249,59,23,3348,0,38,246,743,43894,6548,6.703420892,0.149177564,50442
119.4,1829.7,7.73,23794,57539,1.21,17,234,27,36,2701,0,98,170,978,44239,6602,6.700848228,0.149234838,50841
119.5,1831.4,7.74,23588,56266,1.34,0,176,36,23,1977,8,0,0,974,44065,6427,6.856231523,0.145852718,50492
119.6,1832.9,7.73,23432,55113,1.23,0,207,12,11,1427,0,0,215,997,43155,6498,6.641274238,0.150573514,49653
119.7,1834.3,7.73,22251,53050,1.23,0,243,27,33,933,0,0,33,1005,42023,6425,6.540544747,0.152892464,48448
119.8,1835.8,7.74,21909,53529,1.15,7,187,0,17,751,31,68,288,795,42259,6319,6.687608799,0.149530278,48578
119.9,1837.3,7.73,22951,55334,1.31,0,197,8,17,998,110,0,225,781,43445,6727,6.458302364,0.154839452,50172
120,1838.9,7.72,23484,56488,1.43,18,235,41,59,1125,0,0,285,822,44181,6704,6.59024463,0.151739436,50885
120.1,1840.3,7.72,23458,55523,1.43,0,218,43,43,1351,0,28,310,1038,43311,6238,6.943090734,0.144028076,49549
120.2,1842,7.72,23452,56016,1.33,4,218,23,38,1703,7,0,298,789,43551,6505,6.695003843,0.149365112,50056
120.3,1843.5,7.72,23564,57069,1.3,17,224,27,23,2870,0,0,327,876,43482,6642,6.546522132,0.152752863,50124
120.4,1845,7.72,23835,57258,1.23,9,216,25,21,2943,0,0,169,962,43772,6358,6.884554891,0.145252673,50130
120.5,1846.5,7.72,23768,57277,1.37,13,286,18,54,2099,123,0,117,941,43717,6691,6.533701988,0.153052588,50408
120.6,1848.1,7.7,23666,57205,1.43,7,242,35,51,2346,79,0,296,911,44033,6611,6.660565724,0.150137397,50644
120.7,1849.6,7.68,23449,56581,1.32,11,253,25,11,2578,87,250,109,702,43413,6343,6.844237742,0.146108309,49756
120.8,1851,7.68,23600,56487,1.24,12,196,35,35,2053,150,0,259,918,43700,6357,6.874311782,0.145469108,50057
120.9,1852.4,7.69,23898,56828,1.33,4,202,30,32,2016,69,43,191,901,43889,6633,6.616764662,0.151131263,50522
121,1853.9,7.69,24217,57902,1.57,14,242,63,55,2066,0,160,244,934,44734,6679,6.697709238,0.149304779,51413
121.1,1855.3,7.68,23572,56390,1.3,0,214,31,29,2038,23,0,192,916,43787,6494,6.742685556,0.148308859,50281
121.2,1856.7,7.66,23684,57092,1.28,8,210,15,20,2641,12,11,227,954,43675,6530,6.688361409,0.149513452,50205
121.3,1858.2,7.65,24243,58533,1.45,26,228,38,31,3364,9,12,275,947,44190,6370,6.937205651,0.14415026,50560
121.4,1859.6,7.63,24302,58987,1.28,9,307,20,11,2681,0,0,248,859,45678,6713,6.804409355,0.146963527,52391
121.5,1861.1,7.62,24539,60062,1.27,0,251,6,29,2681,60,31,343,955,46136,6572,7.02008521,0.142448413,52708
121.6,1862.7,7.62,24503,59272,1.39,0,226,52,26,2998,0,0,68,1144,44869,6927,6.477407247,0.154382759,51796
121.7,1864.3,7.63,23251,56383,1.32,17,207,7,58,2282,0,42,132,918,43860,6537,6.709499771,0.149042408,50397
121.8,1865.9,7.6,23564,56421,1.16,15,167,0,55,2048,62,87,212,969,44027,6451,6.824833359,0.146523724,50478
121.9,1867.4,7.58,24053,56641,1.19,0,175,28,15,1946,0,138,91,1014,44327,6287,7.050580563,0.141832292,50614
122,1868.8,7.58,24271,57758,1.19,15,205,11,30,2394,63,0,191,941,44879,6270,7.157735247,0.139708995,51149
122.1,1870.3,7.59,23942,56902,1.16,0,165,11,0,1944,0,14,146,880,44530,6660,6.686186186,0.149562093,51190
122.2,1871.9,7.58,24284,57888,1.22,0,186,26,11,1342,33,84,107,946,45702,6777,6.743691899,0.148286727,52479
122.3,1873.5,7.57,24045,56437,1.3,0,217,42,40,1174,42,0,86,940,44959,6549,6.86501756,0.145666051,51508
122.4,1875.1,7.57,21890,53236,1.41,12,164,13,50,819,78,160,206,879,42042,6354,6.616619452,0.15113458,48396
122.5,1876.5,7.57,21890,52576,1.27,27,170,22,0,840,21,0,209,886,42479,6095,6.969483183,0.143482662,48574
122.6,1878.1,7.56,23205,54747,1.36,0,210,6,30,961,86,0,81,1043,43808,6545,6.693353705,0.149401936,50353
122.7,1879.6,7.53,23488,56189,1.17,8,220,7,30,1252,28,0,103,953,44414,6661,6.667767602,0.149975233,51075
122.8,1881,7.52,23773,56105,1.37,0,226,0,18,1426,122,73,141,992,44054,6763,6.513973089,0.153516139,50817
122.9,1882.4,7.51,23618,57410,1.38,15,214,58,8,1364,87,81,27,1114,44884,6999,6.412916131,0.1559353,51883
123,1883.8,7.49,24370,57980,1.21,17,171,24,0,1279,58,0,140,882,45771,6964,6.572515796,0.15214874,52735
123.1,1885.6,7.48,25128,58826,1.27,0,223,20,46,1237,80,78,167,881,46591,6842,6.809558609,0.146852396,53433
123.2,1887.2,7.48,24982,58544,1.42,39,212,31,55,1155,92,0,200,1105,46238,6995,6.610150107,0.151282495,53233
123.3,1888.9,7.48,24233,56951,1.45,0,188,41,31,897,49,71,236,775,45459,6824,6.661635404,0.150113289,52283
123.4,1890.3,7.48,24803,58748,1.36,23,198,37,51,1046,8,0,144,915,46473,7102,6.543649676,0.152819917,53575
123.5,1891.8,7.47,24830,58189,1.27,24,184,14,35,1347,11,87,221,931,46319,6763,6.848883632,0.146009197,53082
123.6,1893.4,7.47,24344,57563,1.32,13,224,37,58,1822,139,15,277,992,44827,6681,6.709624308,0.149039641,51508
123.7,1894.8,7.47,24299,58211,1.41,0,172,53,30,1998,194,0,268,848,45493,6650,6.841052632,0.146176335,52143
123.8,1896.3,7.47,24463,58940,1.49,11,361,12,35,2238,245,57,455,936,45465,6686,6.800029913,0.147058177,52151
123.9,1897.8,7.47,22380,52593,1.36,0,391,33,0,1187,111,0,198,796,42061,6104,6.890727392,0.14512256,48165
124.1,1900.9,7.52,23810,57250,1.43,0,189,4,51,3605,543,0,244,687,42558,6321,6.732795444,0.148526716,48879
124.2,1902.5,7.52,23956,58940,1.36,8,184,14,26,4108,448,186,399,777,43114,6565,6.567250571,0.152270724,49679
124.3,1904.1,7.52,23847,58449,1.43,0,175,12,21,4909,388,75,368,800,42483,6588,6.448542805,0.155073794,49071
124.4,1905.6,7.52,23992,60375,1.44,17,250,21,55,6108,711,99,387,792,42519,6170,6.891247974,0.145111597,48689
124.5,1907,7.51,24000,60195,1.49,0,259,35,20,6849,734,48,425,531,42084,6135,6.859657702,0.145779869,48219
124.6,1908.5,7.5,23723,59104,1.49,18,233,46,63,5727,716,157,355,707,41656,6231,6.685283261,0.149582293,47887
124.7,1910.1,7.51,23086,59239,1.28,13,278,52,57,6731,826,130,433,880,40765,6192,6.583494832,0.151895008,46957
124.8,1911.7,7.51,23040,58263,1.4,0,245,31,52,6043,816,0,403,874,41070,6055,6.782824112,0.147431215,47125
124.9,1913.1,7.51,22840,57230,1.37,9,232,52,8,5323,813,0,443,905,40588,6174,6.574020084,0.152113925,46762
125,1914.6,7.52,22538,56464,1.28,0,261,34,44,5254,766,31,341,860,40064,6218,6.443229334,0.155201677,46282
125.1,1916.2,7.53,21776,54960,1.27,27,301,39,42,5858,743,0,400,874,37943,6022,6.300730654,0.158711752,43965
125.2,1917.6,7.53,20100,50592,1.41,23,319,29,26,5099,710,163,430,748,35058,5435,6.450413983,0.155028809,40493
125.3,1919.1,7.54,19566,52377,1.38,227,423,253,79,7455,451,429,831,808,32833,5944,5.5237214,0.181037371,38777
125.4,1920.6,7.55,20550,57749,1.28,582,582,606,65,10005,618,412,861,797,34480,6003,5.743794769,0.174100928,40483
125.5,1922.1,7.53,21422,58503,1.3,57,435,110,67,10753,877,214,631,728,35691,6085,5.865406738,0.17049116,41776
125.6,1923.6,7.51,21101,58932,1.42,78,415,167,84,11566,878,257,729,879,35514,5869,6.051116033,0.165258771,41383
125.7,1925,7.48,19662,54493,1.26,36,296,85,43,7868,757,223,542,982,35480,6057,5.857685323,0.170715896,41537
125.8,1926.4,7.44,20646,55924,1.32,30,293,172,39,7488,1063,268,902,1013,36254,6069,5.973636513,0.167402218,42323
125.9,1927.8,7.43,21768,58411,1.34,40,350,145,64,9605,1378,242,910,735,35778,6351,5.633443552,0.17751132,42129
126,1929.3,7.46,21537,58975,1.3,44,392,56,63,10747,1176,120,777,894,35852,6083,5.8938024,0.169669753,41935
126.1,1930.7,7.49,21367,58235,1.31,41,311,88,49,10694,870,351,759,677,35365,5979,5.914868707,0.16906546,41344
126.2,1932.1,7.52,21208,60080,1.23,119,429,202,107,12064,993,179,679,897,35526,6208,5.722615979,0.174745257,41734
126.3,1933.7,7.53,21802,62531,1.2,116,425,263,134,13102,1089,351,595,919,36826,6123,6.01437204,0.166268397,42949
126.4,1935.2,7.53,22818,63046,1.29,63,477,169,63,12043,1270,156,562,754,38611,6158,6.270055213,0.159488229,44769
126.5,1936.8,7.53,22395,62638,1.24,52,384,55,34,12099,1246,0,301,734,38373,6481,5.920845549,0.168894796,44854
126.6,1938.2,7.52,22744,62697,1.31,18,285,23,53,11515,1092,49,167,862,39434,6441,6.122341251,0.163336207,45875
126.7,1939.6,7.51,23325,64224,1.37,14,277,36,45,11548,1071,101,338,840,40358,6545,6.166233766,0.162173547,46903
126.8,1941,7.51,23583,64123,1.45,30,279,46,60,11470,778,0,390,784,40960,6487,6.314166795,0.158374023,47447
126.9,1942.4,7.52,23260,63022,1.4,5,272,49,38,10567,624,34,470,939,40614,6486,6.261794635,0.159698626,47100
127,1943.8,7.54,23122,62379,1.5,15,198,26,10,10854,455,0,291,712,40651,6193,6.564023898,0.152345576,46844
127.1,1945.3,7.57,23045,62661,1.3,0,255,0,25,11227,445,0,200,900,40340,6374,6.328835896,0.158006941,46714
127.2,1946.8,7.59,23294,61885,1.26,0,227,12,48,10462,459,147,255,731,40036,6348,6.306868305,0.158557298,46384
127.3,1948.3,7.61,23449,63467,1.21,26,268,28,59,11845,466,65,244,682,40323,6442,6.259391493,0.159759938,46765
127.4,1949.7,7.62,22974,60145,1.42,24,212,24,32,9338,264,0,284,992,40203,6220,6.463504823,0.154714822,46423
127.5,1951.1,7.63,23066,62615,1.24,14,281,32,34,11323,297,105,281,802,40179,6479,6.201419972,0.161253391,46658
127.6,1952.6,7.63,22274,60729,1.26,8,312,64,30,12153,189,93,362,655,38310,5895,6.498727735,0.153876273,44205
127.7,1954,7.62,21480,57923,1.3,0,321,25,38,11536,312,0,200,765,36247,5673,6.389388331,0.156509504,41920
127.8,1955.5,7.62,20739,56120,1.47,0,248,27,26,10439,269,0,299,662,36077,5570,6.477019749,0.154391995,41647
127.9,1956.9,7.6,21294,57021,1.34,12,251,16,50,10244,231,99,0,831,36775,5869,6.26597376,0.159592114,42644
128,1958.4,7.56,21534,58695,1.27,20,280,21,43,11913,234,0,379,625,36774,5977,6.152584909,0.162533312,42751
128.1,1959.9,7.54,22254,59952,1.39,23,283,22,15,12088,284,78,266,689,37636,5855,6.428010248,0.155569136,43491
128.2,1961.3,7.54,22241,61363,1.32,9,296,15,71,13650,206,69,396,759,36925,6133,6.020707647,0.166093433,43058
128.3,1962.8,7.56,22295,62627,1.39,0,329,43,73,14925,226,67,286,758,37180,5872,6.331743869,0.157934373,43052
128.4,1964.3,7.59,21876,62504,1.44,0,347,65,7,17174,180,0,113,560,35589,5720,6.221853147,0.160723819,41309
128.5,1965.9,7.6,20849,60575,1.5,21,333,30,50,16676,68,29,380,667,34091,5527,6.168083952,0.162124901,39618
128.6,1967.2,7.61,20163,58008,1.37,20,267,21,17,15011,11,0,340,585,33918,5447,6.226913898,0.160593195,39365
128.7,1968.7,7.61,21049,61296,1.42,0,206,14,43,15514,25,123,233,693,35945,5916,6.075895876,0.164584782,41861
128.8,1970.4,7.61,22494,63645,1.3,16,248,8,41,15727,121,145,262,578,37806,5903,6.404540064,0.156139237,43709
128.9,1971.9,7.62,23117,67697,1.49,12,297,43,82,19402,75,0,296,717,37989,6002,6.329390203,0.157993103,43991
129,1973.5,7.64,22984,67023,1.34,15,287,21,22,19188,79,0,408,552,37494,6042,6.205561072,0.161145783,43536
129.1,1975,7.65,22562,67194,1.41,0,225,0,55,19861,20,61,236,746,37418,5851,6.395146129,0.156368593,43269
129.2,1976.4,7.65,22940,66714,1.51,14,239,11,0,18740,52,83,182,562,37900,6094,6.219232032,0.160791557,43994
129.3,1977.8,7.66,23489,67847,1.39,0,247,41,17,19203,51,181,320,711,38251,6036,6.337143804,0.157799796,44287
129.4,1979.3,7.67,22460,63255,1.56,0,232,102,60,14574,122,43,470,786,38162,6136,6.219361147,0.160788219,44298
129.5,1980.7,7.68,22356,61259,1.47,16,180,33,29,14248,0,0,226,693,37386,5810,6.434767642,0.155405767,43196
129.6,1982.2,7.67,22989,64537,1.35,4,212,54,5,15286,57,43,129,846,38950,6198,6.284285253,0.159127086,45148
129.7,1983.6,7.67,23533,66095,1.46,0,280,40,46,16776,149,0,269,674,39159,5990,6.537395659,0.152966113,45149
129.8,1985.1,7.67,23486,64776,1.45,13,257,61,42,15745,76,0,146,763,38872,6080,6.393421053,0.156410784,44952
129.9,1986.5,7.67,22936,63776,1.43,24,216,36,72,14534,132,0,249,704,38692,6117,6.325322871,0.158094697,44809
130,1988.1,7.67,22898,63522,1.33,11,232,11,64,13889,98,24,286,893,38840,6190,6.274636511,0.159371782,45030
130.1,1989.5,7.67,23685,68450,1.4,6,235,23,29,17072,66,4,366,864,40219,6310,6.37385103,0.156891022,46529
130.2,1991,7.66,23888,69491,1.5,0,225,36,67,18482,179,62,240,948,39882,6242,6.389298302,0.15651171,46124
130.3,1992.5,7.65,23772,67203,1.41,0,229,39,30,17665,46,0,260,848,39011,6028,6.471632382,0.15452052,45039
130.4,1994,7.66,23253,63953,1.41,0,180,14,56,13485,62,0,261,820,39598,6400,6.1871875,0.161624324,45998
130.5,1995.5,7.66,23142,63561,1.33,12,155,39,39,13818,4,0,194,872,39620,6182,6.408929149,0.156032307,45802
130.6,1997,7.66,22918,63080,1.5,7,204,22,32,13715,0,65,298,766,39315,6097,6.448253239,0.155080758,45412
130.7,1998.4,7.65,22874,61769,1.36,0,176,5,0,12519,108,0,139,778,38918,6378,6.101912825,0.163883036,45296
130.8,2000.1,7.66,23012,62714,1.4,0,164,0,81,13130,75,0,219,855,39466,6011,6.565629679,0.152308316,45477
130.9,2001.6,7.67,23283,65189,1.39,10,233,34,0,15498,19,0,256,809,39195,6212,6.309562138,0.158489603,45407
131,2003.1,7.69,23013,63434,1.39,0,205,21,44,14953,169,0,220,691,38416,6125,6.272,0.159438776,44541
131.1,2004.6,7.7,22950,63232,1.4,0,202,37,13,13774,47,0,259,767,39234,6359,6.169838025,0.162078809,45593
131.2,2006.2,7.7,23090,65146,1.52,19,197,56,25,15683,0,0,218,880,39097,6386,6.122298779,0.16333734,45483
131.3,2007.6,7.7,23332,66020,1.29,6,224,48,35,17194,0,29,126,674,38904,5830,6.673070326,0.149856056,44734
131.4,2009,7.7,23613,67973,1.33,0,234,31,35,17785,54,42,174,854,39657,6304,6.290767766,0.158963109,45961
131.5,2010.6,7.7,23579,67661,1.3,10,221,22,43,18500,0,0,343,709,39109,5956,6.566319678,0.152292311,45065
131.6,2012,7.69,23092,64658,1.43,0,231,62,68,15842,6,0,239,706,39116,6050,6.465454545,0.154668166,45166
131.7,2013.7,7.69,22346,59033,1.46,0,149,23,24,11501,37,25,160,799,37932,6205,6.113134569,0.1635822,44137
131.8,2015.3,7.69,22168,59926,1.41,0,156,34,39,12084,24,0,311,671,38224,5925,6.451308017,0.155007325,44149
131.9,2016.8,7.68,22422,60917,1.42,8,209,22,32,13862,0,0,200,688,37395,5979,6.254390366,0.159887686,43374
132,2018.2,7.67,22539,62048,1.26,25,191,22,13,13808,0,0,426,896,37878,5892,6.428716904,0.155552035,43770
132.1,2019.8,7.67,21762,58741,1.6,19,156,68,89,11578,0,288,187,796,36986,6094,6.069248441,0.164765046,43080
132.2,2021.3,7.67,22143,60101,1.4,0,180,54,32,12706,0,26,48,684,37709,6263,6.020916494,0.166087671,43972
132.3,2022.8,7.65,22845,62236,1.47,0,199,35,38,14455,0,122,131,696,38136,5943,6.416961131,0.155837004,44079
132.4,2024.4,7.66,23000,64091,1.35,7,201,0,34,15741,0,0,135,765,38780,5982,6.482781678,0.154254771,44762
132.5,2025.9,7.66,22932,62860,1.54,0,197,43,19,14475,56,0,270,639,38177,6132,6.225864318,0.160620269,44309
132.6,2027.4,7.66,23163,64297,1.49,0,220,46,0,15940,0,0,137,853,38543,6033,6.388695508,0.156526477,44576
132.7,2029,7.66,23206,64385,1.68,8,197,32,29,15718,0,24,85,865,38783,5866,6.611489942,0.151251837,44649
132.8,2030.5,7.66,23500,66730,1.46,21,277,25,44,17008,0,13,185,742,39671,6191,6.407850105,0.156058582,45862
132.9,2032.2,7.66,23765,68917,1.49,11,239,43,0,18948,0,20,199,678,39314,6307,6.23339147,0.160426311,45621
133,2033.7,7.66,23482,63781,1.4,19,223,39,71,14865,0,0,55,753,39172,6005,6.523230641,0.153298274,45177
133.1,2035.1,7.65,23455,63634,1.65,4,238,52,59,14454,0,167,78,693,39013,6137,6.357014828,0.157306539,45150
133.2,2036.5,7.65,23307,63567,1.47,0,182,20,40,14839,0,47,54,632,38976,6274,6.21230475,0.160970854,45250
133.3,2038,7.66,23369,65848,1.37,6,215,27,35,17039,0,0,186,656,38880,6163,6.308615934,0.158513374,45043
133.4,2039.5,7.66,23347,65837,1.3,0,214,0,30,16171,0,0,282,758,39212,6193,6.331664783,0.157936346,45405
133.5,2041,7.66,23139,64297,1.36,18,153,49,30,15410,0,64,296,948,38757,6159,6.292742328,0.158913229,44916
133.6,2042.5,7.66,23058,64536,1.35,0,105,43,7,14747,0,225,253,752,39345,6334,6.211714556,0.160986148,45679
133.7,2043.9,7.65,23391,65147,1.4,6,176,18,44,15180,0,0,268,691,39402,6315,6.239429929,0.160271052,45717
133.8,2045.6,7.65,23576,65003,1.43,14,171,19,33,15500,0,0,326,610,39216,6349,6.176720743,0.161898205,45565
133.9,2047.1,7.65,22958,60784,1.43,24,150,27,18,11225,0,127,234,918,39376,6080,6.476315789,0.154408777,45456
134,2048.6,7.64,23125,63214,1.29,0,156,22,46,14177,0,43,330,728,38986,6047,6.447163883,0.155106961,45033
134.1,2050.1,7.63,22894,62121,1.63,25,154,44,20,12572,0,130,312,946,39170,6222,6.295403407,0.158846056,45392
134.2,2051.5,7.62,23530,65128,1.37,0,179,30,24,14322,8,124,206,805,40229,6203,6.485410285,0.154192249,46432
134.3,2053.1,7.62,23935,66407,1.37,5,186,29,60,15729,0,0,268,877,40121,6510,6.162980031,0.162259166,46631
134.4,2054.6,7.63,23866,65165,1.37,8,177,60,44,14244,0,91,227,857,40448,6415,6.305222136,0.158598695,46863
134.5,2056.2,7.64,23329,62402,1.35,0,148,5,42,11646,12,0,105,793,40432,6308,6.409638554,0.156015038,46740
134.6,2057.8,7.65,23302,61787,1.29,7,168,28,40,11763,0,0,158,909,40174,6001,6.694550908,0.149375218,46175
134.7,2059.3,7.65,23595,64610,1.38,12,218,15,10,13577,0,0,439,912,39952,6268,6.373962987,0.156888266,46220
134.8,2060.7,7.66,23392,64895,1.44,9,165,19,45,13998,13,67,169,754,40134,6194,6.479496287,0.154332985,46328
134.9,2062.1,7.67,23102,63517,1.37,0,131,0,11,13704,0,21,165,888,39677,6297,6.300936954,0.158706555,45974
135,2063.6,7.66,23911,67607,1.47,26,202,17,47,16057,0,18,256,888,40506,6449,6.280973794,0.159210981,46955
135.1,2065.1,7.65,24128,67714,1.45,6,231,46,39,15704,0,43,286,918,40639,6274,6.477366911,0.15438372,46913
135.2,2066.7,7.65,24195,67249,1.44,5,246,0,46,16045,53,0,199,843,40429,6090,6.638587849,0.150634446,46519
135.3,2068.3,7.66,24159,66583,1.39,14,229,36,63,15664,0,0,401,1039,39696,6010,6.604991681,0.151400645,45706
135.4,2069.8,7.65,23654,64191,1.38,14,164,30,31,13429,8,0,172,858,39992,6078,6.579795986,0.151980396,46070
135.5,2071.4,7.65,23503,63292,1.38,0,152,37,0,12500,0,149,210,630,40052,6314,6.343363953,0.157645061,46366
135.6,2072.9,7.65,23334,62979,1.5,14,156,38,24,12034,0,0,309,666,40185,6255,6.424460432,0.155655095,46440
135.7,2074.4,7.64,22819,59473,1.38,0,144,47,19,9322,23,0,171,752,39723,6040,6.576655629,0.152052967,45763
135.8,2075.9,7.63,23721,62398,1.43,0,197,30,25,10483,153,41,290,820,40862,6238,6.550496954,0.152660173,47100
135.9,2077.5,7.63,24182,65154,1.55,6,233,54,15,12388,88,84,434,944,40907,6340,6.452208202,0.154985699,47247
136,2079,7.63,24160,63383,1.41,6,201,31,37,11501,16,0,359,681,40860,6425,6.359533074,0.157244249,47285
136.1,2080.5,7.64,23822,62606,1.35,12,164,69,35,10699,116,0,156,652,41123,6150,6.686666667,0.149551346,47273
136.2,2082.2,7.65,23629,62486,1.37,14,174,25,14,10321,77,0,374,909,40932,6393,6.402627874,0.156185869,47325
136.3,2083.7,7.65,23837,62307,1.5,0,170,38,44,9889,138,37,143,921,41754,6212,6.721506761,0.148776165,47966
136.4,2085.2,7.65,23656,62700,1.26,0,202,32,54,10854,183,0,251,988,40711,6337,6.424333281,0.155658176,47048
136.5,2086.7,7.66,23338,60907,1.3,7,184,64,34,9475,124,0,224,775,40397,6629,6.093980993,0.164096344,47026
136.6,2088.3,7.67,23462,60766,1.24,0,154,25,32,9336,44,0,98,939,41296,6405,6.44746292,0.155099768,47701
136.7,2089.8,7.66,23892,63303,1.3,0,220,19,0,10553,179,10,146,870,41562,6457,6.436735326,0.15535826,48019
136.8,2091.3,7.66,23599,61137,1.33,6,173,36,38,9043,81,62,133,836,41285,6393,6.457844517,0.15485043,47678
136.9,2092.9,7.67,23346,60823,1.32,7,196,57,0,8776,116,0,62,846,41388,6516,6.35174954,0.157436938,47904
137,2094.4,7.68,23385,61607,1.25,24,190,0,62,9129,134,0,0,967,41506,6523,6.363023149,0.157158001,48029
137.1,2095.9,7.68,23662,62936,1.46,0,214,30,41,9455,162,222,293,965,41784,6595,6.33570887,0.157835535,48379
137.2,2097.5,7.69,23684,62405,1.36,0,194,22,41,8591,132,18,293,1019,42287,6678,6.332285115,0.157920874,48965
137.3,2099.1,7.68,23781,62171,1.21,0,181,34,9,8866,4,212,338,763,42058,6519,6.451603007,0.155000238,48577
137.4,2100.6,7.68,23903,62489,1.41,24,219,49,34,9837,0,0,231,874,41983,6396,6.563946216,0.152347379,48379
137.5,2102.1,7.68,23584,60205,1.41,0,195,29,23,8699,0,6,204,925,41549,6244,6.654228059,0.150280392,47793
137.6,2103.6,7.67,23217,60352,1.32,0,219,14,15,8942,0,0,284,1018,41228,6147,6.70701155,0.149097701,47375
137.7,2105.2,7.67,22940,59258,1.46,0,143,73,10,7651,0,14,405,963,40904,6366,6.425384857,0.155632701,47270
137.8,2106.8,7.66,23319,60315,1.31,7,170,48,51,7261,107,25,435,857,41918,6352,6.59918136,0.151533947,48270
137.9,2108.4,7.66,23363,58997,1.41,0,112,17,10,6176,0,0,408,893,42307,6448,6.561259305,0.152409767,48755
138,2109.9,7.65,23907,60652,1.39,20,188,52,59,7172,95,92,143,831,42650,6330,6.737756714,0.148417351,48980
138.1,2111.4,7.65,23940,61885,1.38,7,221,19,46,7567,83,0,425,739,42991,6759,6.360556295,0.157218953,49750
138.2,2113,7.65,23697,59799,1.33,4,179,30,26,6308,118,118,384,846,42379,6322,6.70341664,0.149177659,48701
138.3,2114.6,7.66,23461,59288,1.34,7,172,37,53,6264,156,20,252,914,42453,6275,6.765418327,0.14781052,48728
138.4,2116,7.66,23271,58643,1.34,9,231,10,55,5419,165,0,356,1152,42054,6358,6.614344133,0.15118657,48412
138.5,2117.5,7.65,23347,57654,1.33,0,205,36,29,5077,105,0,228,838,42192,6239,6.762622215,0.147871634,48431
138.6,2119,7.65,23582,60553,1.48,0,205,43,42,5603,175,197,469,862,43249,6458,6.696965005,0.149321372,49707
138.7,2120.5,7.64,23690,58713,1.38,9,227,23,15,5178,171,0,378,814,43065,6201,6.944847605,0.143991641,49266
138.8,2122.1,7.64,23655,59154,1.26,7,209,60,25,4728,128,102,351,1068,43157,6371,6.773975828,0.147623792,49528
138.9,2123.6,7.63,23566,57997,1.38,0,173,25,16,4273,61,0,215,685,42878,6412,6.687149095,0.149540557,49290
139,2125.3,7.62,24034,59130,1.38,0,193,37,42,4589,77,0,166,912,43588,6533,6.67197306,0.149880701,50121
139.1,2126.8,7.62,24025,58951,1.28,0,188,10,41,4239,58,40,390,965,43751,6342,6.898612425,0.144956687,50093
139.2,2128.4,7.63,23662,57922,1.37,8,199,0,21,4060,108,46,459,777,43066,6310,6.82503962,0.146519296,49376
139.3,2130,7.63,23775,58458,1.45,0,166,17,20,3912,146,171,319,969,43645,6327,6.898214003,0.144965059,49972
139.4,2131.5,7.62,24070,58722,1.41,4,194,34,48,4109,204,21,352,849,43398,6381,6.80112835,0.147034426,49779
139.5,2133.1,7.61,23893,57749,1.23,0,179,13,49,3657,268,0,320,789,43181,6223,6.938936204,0.14411431,49404
139.6,2134.7,7.6,23387,57689,1.44,9,164,57,42,3199,149,47,461,1078,42832,6551,6.538238437,0.152946395,49383
139.7,2136.2,7.61,23320,57365,1.28,0,149,15,44,3395,280,78,403,825,42860,6396,6.701063164,0.149230051,49256
139.8,2137.8,7.62,23599,57864,1.28,0,169,44,70,3332,166,0,447,958,42983,6315,6.806492478,0.146918549,49298
139.9,2139.2,7.62,23700,58101,1.38,20,183,24,67,3198,352,108,287,853,43192,6359,6.792262934,0.147226338,49551
140,2140.8,7.61,23594,56777,1.37,13,221,23,68,2936,245,93,553,711,42157,6441,6.545101692,0.152786014,48598
140.1,2142.1,7.61,23554,55985,1.41,25,206,61,42,3307,137,0,278,943,41674,6234,6.684953481,0.149589672,47908
140.2,2143.7,7.61,23184,55327,1.37,0,175,34,0,3301,178,40,402,858,40933,6092,6.719139856,0.148828574,47025
140.3,2145.2,7.62,22746,53499,1.31,6,175,43,12,2917,164,179,193,864,39604,6321,6.265464325,0.15960509,45925
140.4,2146.7,7.62,21865,52106,1.24,11,166,12,0,2109,175,62,319,899,39170,6465,6.058778036,0.165049783,45635
140.5,2148.2,7.61,21918,52069,1.34,10,145,13,45,1662,184,52,493,743,39597,6368,6.218121859,0.160820264,45965
140.6,2149.7,7.6,23562,57142,1.51,24,211,64,32,2827,219,71,338,871,42480,6816,6.232394366,0.160451977,49296
140.7,2151,7.6,24581,59297,1.24,21,288,58,34,2967,300,0,202,1014,44826,6507,6.888888889,0.14516129,51333
140.8,2152.6,7.61,24647,60469,1.49,9,274,69,36,3008,393,0,600,916,44682,6972,6.408777969,0.156035988,51654
140.9,2154.1,7.63,23986,58325,1.35,6,156,32,49,2410,242,118,458,914,44270,6443,6.871022815,0.14553874,50713
141,2155.6,7.64,23925,57591,1.38,0,183,0,17,2036,187,47,313,1069,44017,6776,6.496015348,0.153940523,50793
141.1,2157.1,7.62,23880,57060,1.21,13,145,9,46,2066,235,44,454,898,43560,6679,6.521934421,0.153328742,50239
141.2,2158.6,7.62,24009,57337,1.35,7,231,39,38,2870,110,0,466,1015,43388,6474,6.701884461,0.149211764,49862
141.3,2160.2,7.62,23911,57523,1.27,8,209,44,42,3112,261,0,450,825,43459,6201,7.008385744,0.14268621,49660
141.4,2161.4,7.62,23749,57284,1.34,17,189,0,0,2959,111,0,301,881,43782,6431,6.807961437,0.146886848,50213
141.5,2163,7.62,23949,58447,1.44,0,226,64,33,2598,213,0,500,990,44021,6675,6.594906367,0.151632176,50696
141.6,2164.6,7.61,23975,57273,1.15,0,205,12,6,2109,185,0,306,1041,44018,6633,6.636212875,0.150688355,50651
141.7,2166,7.61,24231,59332,1.29,19,256,20,20,2694,206,90,542,916,44736,6699,6.678011644,0.149745172,51435
141.8,2167.4,7.6,24318,59358,1.28,16,200,26,45,2991,243,0,335,940,44743,6639,6.739418587,0.148380752,51382
141.9,2168.7,7.6,24076,58203,1.41,10,182,12,28,3218,221,74,292,1033,43822,6356,6.894587791,0.145041303,50178
142,2170.1,7.6,23678,57374,1.35,0,202,42,55,2785,207,0,387,994,43234,6410,6.744773791,0.148262941,49644
142.1,2171.7,7.61,23425,56039,1.42,0,202,13,16,2237,153,0,285,855,42783,6413,6.671292687,0.149895987,49196
142.2,2173.2,7.62,23662,56507,1.35,0,251,11,25,2183,196,106,503,976,43367,6404,6.771861337,0.147669887,49771
142.3,2174.7,7.62,23472,56325,1.21,16,216,26,44,2083,161,0,265,935,42871,6459,6.637405171,0.150661286,49330
142.4,2176.1,7.62,22937,54671,1.26,5,196,63,65,2221,293,85,204,787,41754,6127,6.814754366,0.146740432,47881
142.5,2177.5,7.62,22586,54201,1.32,16,269,45,15,2344,150,32,379,918,41242,6332,6.513265951,0.153532806,47574
142.6,2179.1,7.61,21942,52023,1.41,30,127,10,18,1783,55,90,200,824,40433,5876,6.881041525,0.145326837,46309
142.7,2180.5,7.61,21852,51789,1.28,10,122,18,18,1345,0,31,113,956,40733,5941,6.856253156,0.145852257,46674
142.8,2181.9,7.6,22181,52871,1.18,26,127,11,0,1283,124,18,366,841,41461,6084,6.814760026,0.14674031,47545
142.9,2183.4,7.59,22541,53921,1.29,0,242,38,40,1671,196,26,370,806,41633,6198,6.717166828,0.148872289,47831
143,2184.9,7.6,22906,54819,1.24,36,257,32,9,2111,206,154,353,977,41435,6175,6.710121457,0.149028599,47610
143.1,2186.5,7.61,22554,54053,1.31,0,207,70,27,1823,182,11,450,853,41439,6163,6.723835794,0.148724631,47602
143.2,2187.9,7.62,22589,54156,1.28,14,172,42,32,1651,183,0,216,877,41783,6029,6.930336706,0.144293134,47812
143.3,2189.4,7.6,22097,54059,1.25,0,127,42,57,1404,167,49,508,900,41673,6148,6.778301887,0.147529576,47821
143.4,2190.9,7.58,22607,54185,1.38,20,156,20,21,1437,55,125,178,807,42182,6123,6.889106647,0.145156702,48305
143.5,2192.4,7.56,23295,56548,1.43,11,161,59,54,1670,192,41,314,1041,43424,6481,6.700200586,0.149249263,49905
143.6,2193.9,7.56,24000,58461,1.19,6,243,57,32,1939,140,57,418,773,44763,6587,6.795658114,0.147152782,51350
143.7,2195.4,7.57,24614,58986,1.24,17,323,31,16,2508,269,10,504,973,44878,6543,6.858933211,0.145795267,51421
143.8,2196.9,7.59,24446,59197,1.39,15,310,29,30,2688,204,0,552,1072,44666,6571,6.797443312,0.147114136,51237
143.9,2198.4,7.59,24538,59304,1.37,8,260,46,53,2606,201,0,282,798,45094,6684,6.746558947,0.14822371,51778
144,2199.9,7.59,24289,58932,1.25,5,249,17,44,2535,139,0,166,997,45152,6614,6.826731176,0.146482991,51766
144.1,2201.4,7.58,24066,58368,1.23,0,243,58,24,2358,189,91,373,1143,44238,6699,6.60367219,0.151430897,50937
144.2,2203,7.56,23926,57634,1.38,21,289,31,15,2039,209,0,422,1009,44051,6471,6.807448617,0.146897914,50522
144.3,2204.5,7.55,23477,56678,1.32,10,328,53,34,2503,182,45,388,892,42806,6613,6.473007712,0.154487689,49419
144.4,2205.9,7.54,22479,54105,1.23,16,358,52,49,2371,139,117,248,829,41090,5975,6.876987448,0.145412509,47065
144.5,2207.5,7.52,21705,52612,1.43,20,265,66,60,2008,127,0,183,762,40691,5979,6.805653119,0.146936669,46670
144.7,2210.3,7.43,23798,57240,1.26,25,280,48,36,2394,158,78,337,748,43459,6616,6.568772672,0.15223544,50075
144.8,2211.8,7.45,23386,55444,1.2,28,342,46,43,2011,97,47,223,942,42280,6406,6.600062441,0.151513718,48686
144.9,2213.1,7.46,22553,54881,1.31,18,307,16,19,1652,8,0,243,792,42526,6534,6.508417508,0.153647181,49060
145,2214.6,7.46,22846,55626,1.33,26,214,73,32,1742,208,77,258,968,42745,6550,6.525954198,0.153234296,49295
145.1,2216.1,7.45,23760,57711,1.24,0,249,5,32,1730,327,0,459,1116,44102,6890,6.400870827,0.156228742,50992
145.2,2217.3,7.44,24345,57998,1.27,16,185,21,32,1651,166,124,403,978,44854,6817,6.579727153,0.151981986,51671
145.3,2218.8,7.44,24602,59110,1.4,11,191,60,23,1410,191,0,377,992,45432,6832,6.649882904,0.150378588,52264
145.4,2220.3,7.45,24556,59199,1.36,10,205,14,34,1617,191,0,385,1100,45511,6975,6.524874552,0.153259652,52486
145.5,2221.9,7.48,24720,59273,1.51,14,296,49,30,2022,119,14,456,1042,45211,6675,6.773183521,0.147641061,51886
145.6,2223.4,7.49,24327,58323,1.41,23,237,5,36,1883,163,78,372,908,44585,6717,6.637635849,0.15065605,51302
145.7,2225,7.51,23913,58329,1.3,0,193,23,51,1785,287,91,425,1124,44270,6999,6.325189313,0.158098035,51269
145.8,2226.5,7.51,23678,56672,1.27,0,136,0,11,1367,172,74,270,811,44279,6730,6.579346211,0.151990786,51009
145.9,2228,7.5,24227,58341,1.22,8,167,0,76,1617,196,119,355,828,45102,6808,6.624853114,0.150946743,51910
146,2229.5,7.47,24781,60405,1.34,11,259,21,31,2042,146,67,406,1108,46052,6851,6.721938403,0.148766612,52903
146.1,2230.9,7.46,24328,58634,1.35,11,234,12,12,2020,198,30,628,994,45342,6571,6.900319586,0.144920824,51913
146.2,2232.3,7.45,24633,59804,1.31,9,258,27,27,1849,295,67,393,1036,45819,6816,6.722271127,0.148759248,52635
146.3,2233.7,7.47,23967,57427,1.29,7,232,20,44,1996,203,83,315,813,44368,6622,6.700090607,0.149251713,50990
146.4,2235.1,7.48,23136,55830,1.2,12,238,42,39,1792,139,0,304,784,42980,6380,6.736677116,0.148441135,49360
146.5,2236.5,7.48,23250,56381,1.34,16,228,54,62,2102,208,0,352,978,43093,6453,6.677979234,0.149745898,49546
146.6,2237.9,7.47,22809,55088,1.23,0,161,13,11,1695,113,4,308,967,42461,6654,6.381274421,0.156708509,49115
146.7,2239.4,7.46,23445,56502,1.35,0,234,24,59,1852,125,45,245,1017,43611,6544,6.664272616,0.150053885,50155
146.8,2240.9,7.43,24009,57944,1.4,10,199,36,29,2030,249,0,297,1000,44361,6561,6.761316872,0.147900183,50922
146.9,2242.3,7.43,23711,56698,1.26,5,189,54,29,1483,64,87,434,1005,43884,6892,6.367382472,0.157050406,50776
147,2243.8,7.45,23255,55724,1.22,0,164,13,29,1359,55,0,415,1092,43419,6625,6.553811321,0.152582971,50044
147.1,2245.3,7.45,23074,56000,1.21,6,137,0,45,1270,54,121,489,928,42857,6656,6.438852163,0.155307184,49513
147.2,2246.8,7.44,23508,55821,1.39,0,174,21,35,1339,69,0,286,1089,43701,6558,6.663769442,0.150065216,50259
147.3,2248.3,7.42,23894,56741,1.34,9,170,0,41,1600,54,0,323,1002,43797,6805,6.436002939,0.155375939,50602
147.4,2249.8,7.39,24258,57978,1.29,26,143,30,46,1235,38,75,357,1008,45663,6906,6.612076455,0.151238421,52569
147.5,2251.3,7.38,24367,58730,1.26,14,201,8,45,1673,59,82,581,972,44904,6819,6.585129784,0.151857296,51723
147.6,2252.8,7.39,24402,58638,1.24,12,233,38,14,1853,113,0,500,1124,44879,6704,6.694361575,0.149379443,51583
147.7,2254.3,7.42,24158,57388,1.37,13,262,45,24,2024,156,0,241,936,44210,6583,6.715783078,0.148902963,50793
147.8,2255.8,7.44,23923,58165,1.27,17,256,24,42,2026,107,0,429,1018,44442,6807,6.528867342,0.153165924,51249
147.9,2257.2,7.45,23388,56194,1.37,0,190,69,43,2022,118,0,363,789,43431,6413,6.77233744,0.147659506,49844
148,2258.6,7.44,23040,56088,1.24,11,203,39,37,1877,149,23,403,960,42866,6562,6.532459616,0.153081696,49428
148.1,2260.1,7.44,22983,54989,1.21,0,213,17,35,1786,116,68,266,814,42891,6194,6.924604456,0.144412581,49085
148.2,2261.6,7.44,23129,56327,1.38,0,216,25,48,2155,0,0,318,948,43410,6406,6.776459569,0.147569684,49816
148.3,2263.2,7.45,23147,56229,1.28,0,260,42,63,2274,141,62,376,832,42902,6636,6.46503918,0.154678104,49538
148.4,2264.7,7.46,23216,55924,1.35,0,200,24,7,2019,5,64,342,776,43370,6413,6.762825511,0.147867189,49783
148.5,2266.1,7.46,23370,57028,1.26,8,183,43,45,2139,130,100,397,822,43597,6651,6.554954142,0.152556369,50248
148.6,2267.5,7.44,23747,56935,1.21,4,217,12,26,1966,36,0,441,810,43839,6589,6.653361663,0.150299961,50428
148.7,2268.9,7.41,23774,57552,1.46,17,150,45,44,1398,0,192,371,902,44384,6863,6.467142649,0.154627794,51247
148.8,2270.5,7.41,24133,59409,1.26,10,208,8,15,2237,142,0,393,1038,45079,6846,6.584721005,0.151866723,51925
148.9,2271.9,7.43,24175,59135,1.17,0,226,13,32,2519,143,53,444,1052,44863,6754,6.642434113,0.150547222,51617
149,2273.4,7.46,24119,59716,1.28,5,225,28,43,2325,132,235,532,1140,45176,6835,6.609509876,0.151297149,52011
149.1,2274.7,7.48,23774,57978,1.22,13,236,35,40,2123,131,22,565,856,44356,6683,6.637139009,0.150667328,51039
149.2,2276.2,7.49,23510,56223,1.37,0,181,18,40,1910,174,0,402,941,43323,6553,6.611170456,0.151259146,49876
149.3,2277.8,7.48,23308,55769,1.23,7,135,0,54,1398,53,12,467,873,43591,6550,6.655114504,0.150260375,50141
149.4,2279.2,7.46,23549,55118,1.44,0,104,0,0,1205,123,22,339,842,43413,6568,6.609774665,0.151291088,49981
149.5,2280.8,7.42,23884,56626,1.37,0,154,5,8,1632,0,0,493,954,44014,6882,6.395524557,0.15635934,50896
149.6,2282.3,7.4,23860,56598,1.4,25,118,0,28,1651,58,0,422,887,43986,6881,6.392384828,0.156436139,50867
149.7,2283.8,7.4,23358,55431,1.4,4,121,0,38,1660,29,37,356,992,43144,6433,6.706668739,0.149105322,49577
149.8,2285.4,7.42,22654,54181,1.35,15,177,18,57,1810,26,89,443,926,41218,6532,6.31016534,0.158474453,47750
149.9,2286.9,7.46,21948,52572,1.17,8,174,10,66,2104,84,121,426,1005,39816,6276,6.34416826,0.157625075,46092
150,2288.3,7.48,22307,54314,1.34,23,177,19,0,2135,177,208,245,902,41479,6309,6.574576003,0.152101063,47788
150.1,2289.8,7.5,21957,53252,1.19,7,174,34,40,1960,170,24,357,800,40883,6459,6.329617588,0.157987428,47342
150.2,2291.3,7.49,21947,53594,1.34,0,163,22,85,2131,297,0,344,919,40639,6170,6.586547812,0.151824602,46809
150.3,2292.6,7.49,21966,53303,1.22,6,150,25,18,2591,124,0,536,873,40217,6267,6.417265039,0.155829624,46484
150.4,2293.9,7.47,22401,55043,1.3,0,153,5,40,3141,227,132,346,999,40816,6410,6.367550702,0.157046256,47226
150.5,2295.5,7.47,22264,55498,1.35,0,129,23,20,3462,310,0,261,1081,41261,6429,6.417949914,0.155812995,47690
150.6,2296.9,7.45,23182,58597,1.24,11,232,40,15,4571,269,149,570,898,42373,6658,6.364223491,0.15712836,49031
150.7,2298.4,7.43,23592,58371,1.32,7,234,74,38,4411,221,0,324,837,43073,6544,6.582059902,0.151928122,49617
150.8,2299.9,7.44,23220,57324,1.39,0,180,22,23,3787,295,0,322,913,42659,6397,6.668594654,0.149956633,49056
150.9,2301.3,7.45,22975,56671,1.29,20,246,99,34,4218,256,0,311,922,41734,6317,6.606617065,0.151363397,48051
151,2302.7,7.45,22692,57392,1.23,15,238,96,54,3913,286,110,368,1117,41838,6547,6.39040782,0.156484536,48385
151.1,2304.2,7.46,22794,55145,1.21,8,168,47,36,2784,148,16,159,763,41898,6285,6.666348449,0.15000716,48183
151.2,2305.6,7.47,22226,53807,1.23,0,121,45,47,2218,103,87,373,783,41307,6174,6.69047619,0.149466192,47481
151.3,2307,7.48,22154,53534,1.3,0,135,21,18,2044,149,71,312,713,41308,6191,6.672266193,0.149874116,47499
151.4,2308.6,7.47,22148,52830,1.29,0,98,0,52,1845,169,0,183,863,40890,6180,6.616504854,0.151137197,47070
151.5,2310,7.45,22631,54133,1.28,0,191,29,45,2718,53,56,311,928,41377,6068,6.818885959,0.146651521,47445
151.6,2311.5,7.45,23011,56006,1.38,20,224,48,39,3401,105,64,528,971,41561,6335,6.560536701,0.152426554,47896
151.7,2313,7.46,23036,55455,1.31,7,206,26,20,2613,144,36,202,910,41872,6335,6.609629045,0.151294421,48207
151.8,2314.3,7.47,22956,55335,1.45,0,201,56,29,2529,166,0,245,877,41793,6328,6.604456384,0.151412916,48121
151.9,2315.8,7.48,22829,54959,1.34,18,190,0,28,2339,121,86,178,943,42076,6427,6.546755874,0.152747409,48503
152,2317.3,7.49,22628,54273,1.26,0,152,13,0,2293,139,0,185,827,41756,6521,6.403312375,0.156169173,48277
152.1,2318.8,7.47,22566,54869,1.54,26,129,0,40,2426,114,0,270,1045,41536,6368,6.522613065,0.153312789,47904
152.2,2320.2,7.48,22711,56080,1.5,0,179,36,0,3189,124,34,280,974,42221,6355,6.643745083,0.150517515,48576
152.3,2321.6,7.48,22763,55627,1.58,0,154,45,44,4236,122,0,164,818,40933,6235,6.565036087,0.152322087,47168
152.4,2323.1,7.5,22668,56436,1.31,0,210,66,60,4388,174,0,208,910,41418,6195,6.685714286,0.14957265,47613
152.5,2324.6,7.51,21930,54399,1.41,5,167,28,37,4068,230,53,292,1162,39792,6009,6.6220669,0.151010253,45801
152.6,2326.1,7.51,22085,54920,1.54,50,162,57,30,4406,207,0,247,667,40273,6160,6.537824675,0.152956075,46433
152.7,2327.6,7.49,22878,58583,1.71,0,187,43,71,7012,253,0,237,823,41119,6295,6.532009531,0.153092244,47414
152.8,2329,7.48,23350,61618,1.49,0,167,18,40,9515,196,0,135,940,41496,6675,6.216629213,0.160858878,48171
152.9,2330.4,7.49,23754,63436,1.69,0,158,41,0,10422,336,0,277,944,42035,6379,6.589590845,0.15175449,48414
153,2331.8,7.48,23510,60442,1.5,19,153,16,47,7317,402,0,291,1029,42013,6414,6.550202682,0.152667032,48427
153.1,2333.3,7.48,22857,56453,1.31,0,130,17,23,5515,318,92,150,900,40889,6114,6.687765783,0.149526768,47003
153.2,2334.7,7.47,22606,55434,1.32,0,130,30,17,4211,213,0,167,933,41319,6278,6.581554635,0.151939786,47597
153.3,2336,7.46,22881,57640,1.5,21,149,28,44,5876,397,0,147,988,40931,6378,6.417529006,0.155823215,47309
153.4,2337.6,7.46,23074,58283,1.35,0,171,14,37,6680,333,0,0,620,41475,6502,6.378806521,0.156769138,47977
153.5,2339,7.48,22975,59082,1.39,0,202,26,53,7080,424,77,349,842,40692,6647,6.121859485,0.163349061,47339
153.6,2340.4,7.5,23171,60579,1.43,0,178,0,50,8479,477,32,290,979,41197,6416,6.420978803,0.155739496,47613
153.7,2341.8,7.51,23003,59588,1.3,0,182,30,28,8712,283,0,197,764,40716,6415,6.346999221,0.15755477,47131
153.8,2343.3,7.52,23203,61526,1.35,0,157,0,35,9004,399,76,272,913,41707,6406,6.510615048,0.15359532,48113
153.9,2344.8,7.51,23670,61890,1.48,0,187,36,46,9406,465,0,176,830,41886,6416,6.528366584,0.153177673,48302
154.1,2347.7,7.1,23522,59012,1.22,36,202,39,50,6712,245,0,286,816,41714,6335,6.58468824,0.151867479,48049
154.2,2349.1,7.12,23376,58191,1.37,18,201,43,32,5461,293,0,172,891,42168,6363,6.627062706,0.150896414,48531
154.3,2350.6,7.14,23172,57541,1.34,7,176,23,64,5401,170,0,233,726,41612,6084,6.839579224,0.146207825,47696
154.4,2352.1,7.14,22852,56930,1.37,31,248,52,42,5131,207,168,362,837,41135,6211,6.622927065,0.150990641,47346
154.5,2353.5,7.14,22765,55622,1.33,0,207,31,56,4829,157,36,215,723,40841,6047,6.753927567,0.148061997,46888
154.6,2354.9,7.14,22852,56167,1.29,27,225,27,47,4822,68,125,338,825,41094,5883,6.985211627,0.143159585,46977
154.7,2356.4,7.13,23085,56780,1.31,0,195,22,70,4907,201,0,374,1007,41416,6239,6.638243308,0.150642264,47655
154.8,2357.8,7.13,23298,57483,1.17,13,221,51,19,5149,248,0,174,1005,42097,6315,6.666191607,0.15001069,48412
154.9,2359.2,7.12,23376,57514,1.33,21,222,47,54,5106,270,31,84,839,42024,6469,6.496212707,0.153935846,48493
155,2360.6,7.12,23149,56603,1.25,0,103,13,0,4312,208,17,275,840,42238,6467,6.531312819,0.153108575,48705
155.1,2362.2,7.12,23960,59208,1.3,25,208,37,13,4674,247,141,138,894,43773,6369,6.872821479,0.145500651,50142
155.2,2363.9,7.14,24225,59106,1.33,16,190,37,25,4461,228,10,111,846,43715,6645,6.578630549,0.15200732,50360
155.3,2365.4,7.17,23928,58890,1.24,8,200,45,45,4548,207,0,339,895,43324,6562,6.60225541,0.151463392,49886
155.4,2366.9,7.2,23766,58977,1.43,17,219,50,16,4309,170,131,374,853,43394,6404,6.776077452,0.147578006,49798
155.5,2368.5,7.22,23801,59096,1.2,25,251,44,58,5310,263,0,168,1002,43233,6482,6.66970071,0.149931765,49715
155.6,2370.2,7.22,23687,59754,1.25,19,293,54,28,5431,110,0,240,980,43130,6667,6.469176541,0.154579179,49797
155.7,2371.8,7.22,23290,57293,1.34,10,244,65,64,4043,120,0,123,992,42809,6331,6.761806982,0.147889462,49140
155.8,2373.3,7.22,22945,56440,1.37,21,199,42,0,4310,289,11,134,799,41799,6323,6.610627867,0.151271562,48122
155.9,2374.9,7.21,22632,55631,1.26,11,201,43,38,3845,57,102,191,933,41649,6261,6.652132247,0.150327739,47910
156,2376.3,7.22,23064,56358,1.3,0,197,62,74,3631,43,0,302,1037,42323,6379,6.634738987,0.15072183,48702
156.1,2377.7,7.23,22859,56781,1.3,16,227,84,52,4347,117,117,271,1009,41415,6182,6.699288256,0.149269588,47597
156.2,2379.3,7.24,22960,56510,1.29,12,214,42,21,3731,220,91,282,902,42014,6182,6.796182465,0.147141429,48196
156.3,2380.9,7.25,23052,56065,1.26,20,176,45,40,3548,201,0,328,829,42365,6147,6.891979828,0.145096188,48512
156.4,2382.5,7.26,23078,56544,1.18,27,286,46,46,3779,181,0,288,830,42057,6434,6.536680137,0.152982857,48491
156.5,2384.1,7.28,22385,55083,1.37,0,289,67,28,3759,87,0,337,853,41297,6092,6.778890348,0.147516769,47389
156.6,2385.7,7.28,22073,55661,1.25,7,227,53,0,4501,197,0,200,916,41052,6119,6.708939369,0.149054857,47171
156.7,2387.3,7.29,22600,55080,1.43,18,190,54,50,3222,87,0,158,679,42445,6183,6.864790555,0.145670868,48628
156.8,2388.8,7.26,23293,57369,1.42,0,230,42,41,4148,166,50,393,745,43048,6248,6.889884763,0.145140308,49296
156.9,2390.2,7.26,23858,58407,1.41,5,271,54,43,4162,164,55,315,891,43178,6496,6.646859606,0.150446987,49674
157,2391.8,7.27,23569,58860,1.3,6,365,41,19,4036,320,174,375,970,43604,6526,6.681581367,0.149665168,50130
157.1,2393.4,7.29,23402,57761,1.45,5,395,67,62,4914,334,37,401,951,42222,6356,6.642857143,0.150537634,48578
157.2,2395,7.29,22852,56469,1.46,6,253,48,61,4418,162,75,296,894,41763,6172,6.766526248,0.147786318,47935
157.3,2396.6,7.28,23192,56486,1.4,29,231,70,0,4160,54,15,282,831,42282,6288,6.724236641,0.148715766,48570
157.4,2398.1,7.25,23693,59005,1.27,10,278,34,36,4940,212,18,411,987,43169,6642,6.499397772,0.153860409,49811
157.5,2399.6,7.23,23814,58899,1.33,21,245,51,19,4738,52,0,305,880,43669,6548,6.669059255,0.149946186,50217
157.6,2401,7.22,24010,59060,1.34,20,252,36,17,4652,91,0,245,837,43643,6698,6.51582562,0.153472493,50341
157.7,2402.6,7.23,24210,58727,1.13,24,246,24,15,4234,128,0,392,845,43784,6461,6.77665996,0.147565321,50245
157.8,2404.4,7.24,24017,59483,1.35,35,308,46,55,5421,234,0,319,971,43104,6371,6.765656883,0.147805308,49475
157.9,2406,7.27,23636,59056,1.23,24,239,51,25,5524,200,119,248,1078,42415,6385,6.642913078,0.150536367,48800
158,2407.5,7.28,22997,58465,1.29,26,270,76,36,5909,265,152,415,1071,41750,6191,6.743660152,0.148287425,47941
158.1,2409.1,7.28,22521,55544,1.36,25,159,20,31,3815,174,0,154,800,41555,6384,6.509241855,0.153627722,47939
158.2,2410.5,7.27,23814,58667,1.32,0,211,29,22,5097,124,0,345,847,42846,6459,6.633534603,0.150749195,49305
158.3,2412,7.27,23914,59835,1.32,18,268,72,38,5386,166,0,245,1001,43397,6563,6.612372391,0.151231652,49960
158.4,2413.6,7.28,23279,57758,1.41,37,310,46,66,5554,202,0,190,801,41833,6117,6.838809874,0.146224273,47950
158.5,2415,7.28,22997,56387,1.23,12,238,33,39,4391,158,0,187,770,41957,6090,6.889490969,0.145148605,48047
158.6,2416.6,7.28,23117,57511,1.4,13,281,50,25,5735,114,136,257,963,41507,6020,6.894850498,0.145035777,47527
158.7,2418.1,7.28,22903,56286,1.27,10,170,0,20,3642,101,0,363,760,42387,6572,6.449634814,0.155047538,48959
158.8,2419.6,7.29,23416,57763,1.34,29,255,11,67,4187,178,119,244,911,42469,6370,6.667032967,0.149991759,48839
158.9,2421.4,7.32,22353,55051,1.41,61,225,45,22,3915,149,0,115,806,41117,6267,6.560874422,0.152418708,47384
159,2423,7.34,22168,54403,1.31,92,225,101,52,4387,159,148,466,882,39526,6077,6.504196149,0.153746901,45603
159.1,2424.6,7.35,21934,54521,1.4,23,304,46,47,4264,187,228,418,886,39462,6315,6.248931116,0.160027368,45777
159.2,2426.2,7.35,21918,54356,1.34,8,195,17,33,4195,120,85,295,855,40158,6210,6.466666667,0.154639175,46368
159.3,2427.7,7.34,22388,56148,1.39,7,230,64,24,4659,230,7,368,875,41110,6172,6.660725859,0.150133787,47282
159.4,2429.2,7.33,23000,57489,1.38,14,255,51,54,5028,228,9,327,968,41801,6205,6.736663981,0.148441425,48006
159.5,2430.8,7.32,22772,57576,1.21,29,256,49,24,4998,90,119,385,800,41532,6580,6.311854103,0.158432052,48112
159.6,2432.4,7.31,23258,58164,1.27,17,270,45,0,5020,153,0,332,683,42380,6482,6.538105523,0.152949504,48862
159.7,2434,7.29,23157,57529,1.27,15,318,54,24,4609,185,21,165,950,41790,6544,6.386002445,0.156592486,48334
159.8,2435.6,7.28,22567,55843,1.16,0,246,22,14,4317,213,0,416,880,41065,6045,6.793217535,0.14720565,47110
159.9,2437.1,7.28,23207,57601,1.22,6,194,0,32,5156,58,89,366,918,41816,6371,6.563490818,0.152357949,48187
160,2438.6,7.28,23604,57809,1.35,15,216,43,57,4551,168,39,207,884,42239,6822,6.191586045,0.161509505,49061
160.1,2440.1,7.28,23956,58545,1.2,11,295,80,50,4752,169,0,273,966,42892,6276,6.834289356,0.146320992,49168
160.2,2441.8,7.3,24027,58537,1.38,9,226,20,29,4399,229,19,81,793,43726,6320,6.918670886,0.144536431,50046
160.3,2443.3,7.31,23980,58982,1.41,28,260,78,32,5021,68,29,312,887,42927,6315,6.797624703,0.14711021,49242
160.4,2444.6,7.32,23042,56677,1.32,25,266,47,33,4657,78,223,452,638,41599,6106,6.812807075,0.146782375,47705
160.5,2446.1,7.31,23000,56937,1.3,0,241,66,35,4434,85,0,17,892,41937,6379,6.574227935,0.152109116,48316
160.6,2447.6,7.3,23308,57238,1.34,31,277,52,34,4162,167,0,145,847,42416,6329,6.701848633,0.149212561,48745
160.7,2449,7.29,22629,55020,1.51,22,241,36,7,3335,36,0,282,679,41772,6332,6.596967783,0.151584794,48104
160.8,2450.5,7.3,23461,58018,1.3,10,169,31,17,5356,98,0,226,946,42369,6433,6.586196176,0.151832708,48802
160.9,2452,7.31,23695,57785,1.37,13,190,50,27,3545,65,94,277,866,43544,6347,6.860564046,0.14576061,49891
161,2453.4,7.33,23375,58033,1.39,20,234,58,22,4395,199,104,226,787,42501,6421,6.619062451,0.151078798,48922
161.1,2455,7.34,22830,57580,1.39,88,247,80,28,4474,130,0,410,936,41857,6503,6.436567738,0.155362305,48360
161.2,2456.6,7.36,23171,58141,1.29,60,322,127,63,5128,123,87,270,1076,41853,6389,6.550790421,0.152653334,48242
161.3,2458,7.36,22893,58027,1.21,29,304,56,37,5087,234,0,180,904,42128,6580,6.402431611,0.156190657,48708
161.4,2459.6,7.36,22303,55486,1.37,41,264,17,11,4486,66,15,273,723,40727,6274,6.491393051,0.154050139,47001
161.5,2461.1,7.34,22492,56827,1.35,17,206,55,18,4324,144,67,244,844,41823,6479,6.455162834,0.15491476,48302
161.6,2462.5,7.31,23689,58457,1.17,14,239,13,37,4795,149,0,250,1130,42608,6215,6.855671762,0.145864626,48823
161.7,2464,7.31,23581,58522,1.24,16,289,59,42,4959,197,0,341,902,42374,6306,6.719632096,0.148817671,48680
161.8,2465.4,7.31,23011,55927,1.31,38,331,41,61,4435,69,146,274,923,41101,6097,6.741184189,0.148341889,47198
161.9,2466.9,7.32,22616,56062,1.17,7,240,19,44,4512,81,19,301,928,41119,6343,6.482579221,0.154259588,47462
162,2468.3,7.32,22828,56497,1.41,13,202,67,23,4013,100,146,221,727,42189,6470,6.520710974,0.15335751,48659
162.1,2469.8,7.32,23460,58805,1.36,7,241,64,35,4749,195,0,265,951,42716,6674,6.400359604,0.156241221,49390
162.2,2471.1,7.31,23216,57713,1.15,26,203,52,43,4116,122,0,105,923,42653,6806,6.26697032,0.159566736,49459
162.3,2472.7,7.32,23438,58065,1.37,7,243,30,30,3865,123,133,331,899,43223,6533,6.616102862,0.15114638,49756
162.4,2474.1,7.33,23664,58637,1.37,0,270,41,43,3898,74,50,409,907,43741,6674,6.553940665,0.152579959,50415
162.5,2475.5,7.33,23291,57692,1.26,0,236,71,45,3849,68,7,334,879,42908,6476,6.625694873,0.150927566,49384
162.6,2477.1,7.33,23137,58438,1.41,21,230,34,46,5365,61,104,149,952,42394,6447,6.575771677,0.152073407,48841
162.7,2478.4,7.33,23073,59654,1.28,10,280,55,41,6739,154,83,356,818,42268,6327,6.680575312,0.149687707,48595
162.8,2480,7.32,23037,57071,1.54,16,276,63,56,4231,127,116,281,1019,41921,6425,6.524669261,0.153264474,48346
162.9,2481.5,7.32,23237,58453,1.42,55,280,96,47,4831,71,47,300,961,42168,6683,6.309741134,0.158485107,48851
163,2482.9,7.31,22816,57913,1.41,5,305,69,54,4745,229,0,201,1052,41818,6666,6.273327333,0.159405041,48484
163.1,2484.4,7.3,22603,57507,1.27,11,275,73,30,5078,164,19,219,826,41770,6412,6.514348097,0.153507302,48182
163.2,2486,7.29,22527,57574,1.37,44,334,110,72,5372,242,92,337,915,41046,6268,6.548500319,0.152706719,47314
163.3,2487.6,7.3,22952,58719,1.34,47,241,42,24,5444,221,129,415,771,42459,6313,6.725645493,0.148684613,48772
163.4,2488.9,7.3,23380,58354,1.21,28,316,49,28,6551,287,0,196,716,41063,6335,6.481925809,0.154275138,47398
163.5,2490.4,7.3,22724,57836,1.4,29,289,57,63,5784,224,0,313,909,40868,6296,6.491105464,0.154056964,47164
163.6,2491.9,7.3,22388,56255,1.48,9,312,71,45,5149,210,0,339,835,40755,6202,6.571267333,0.152177647,46957
163.7,2493.4,7.29,23052,57529,1.35,29,312,35,44,4302,191,133,383,880,42418,6212,6.828396652,0.146447263,48630
163.8,2494.8,7.3,23529,57950,1.35,15,287,81,22,4506,180,0,270,934,42591,6144,6.932128906,0.144255829,48735
163.9,2496.3,7.32,23133,58299,1.27,0,232,36,66,4309,71,0,297,1127,42883,6545,6.552024446,0.152624583,49428
164,2497.9,7.34,23730,59431,1.21,20,310,22,32,4962,159,0,353,729,43283,6627,6.531311302,0.153108611,49910
164.1,2499.4,7.35,23364,58149,1.21,40,319,68,44,4756,129,0,471,843,42368,6431,6.588088944,0.151789086,48799
164.2,2500.8,7.35,22940,57231,1.38,7,306,72,63,3508,120,71,402,883,42262,6432,6.570584577,0.15219346,48694
164.3,2502.3,7.34,22573,55492,1.36,25,321,44,41,3813,136,49,172,691,41355,6438,6.423578751,0.15567646,47793
164.4,2503.7,7.33,22259,55332,1.43,0,300,33,20,3735,85,0,343,916,41154,6058,6.793331132,0.147203188,47212
164.5,2505.4,7.32,22711,55813,1.18,17,266,63,13,3350,52,0,251,937,41964,6399,6.557899672,0.152487847,48363
164.6,2506.7,7.32,22423,54727,1.25,18,254,57,4,3160,84,38,384,802,41267,6220,6.634565916,0.150725762,47487
164.7,2508.2,7.33,21900,55429,1.41,30,277,35,42,4616,70,0,367,848,40439,6225,6.4962249,0.153935557,46664
164.8,2509.8,7.32,22394,55426,1.39,7,385,90,68,3667,0,0,329,789,40967,6213,6.59375503,0.151658652,47180
164.9,2511.3,7.31,22329,55211,1.18,10,255,57,31,3281,184,78,388,907,41037,6321,6.492168961,0.154031727,47358
165,2512.8,7.31,22394,55060,1.48,19,284,39,32,3363,253,0,371,1017,40893,6074,6.73246625,0.148533979,46967
165.1,2514.2,7.31,21750,53893,1.34,0,304,33,34,3333,56,47,402,695,39868,6261,6.367672896,0.157043243,46129
165.2,2515.7,7.31,21699,53553,1.3,24,242,71,57,4162,72,0,242,884,39170,6087,6.435025464,0.15539954,45257
165.3,2517.2,7.31,21795,54962,1.3,57,317,194,59,4286,134,0,324,1063,39697,6281,6.320171947,0.158223543,45978
165.4,2518.8,7.31,21962,54429,1.29,96,325,193,47,4411,169,68,398,718,39312,5854,6.715408268,0.148911274,45166
165.5,2520.3,7.32,21941,54515,1.33,7,284,39,33,5862,91,0,350,734,38738,5868,6.601567825,0.151479168,44606
165.6,2521.7,7.33,21692,57247,1.22,21,260,60,45,8449,94,0,194,886,38462,5980,6.431772575,0.155478134,44442
165.7,2523.3,7.32,21792,58051,1.4,5,310,46,20,10329,91,9,371,793,37629,5731,6.565869831,0.152302745,43360
165.8,2524.9,7.32,22289,59502,1.52,0,320,25,77,10907,37,0,384,776,38297,5984,6.399899733,0.156252448,44281
165.9,2526.3,7.31,22039,57714,1.29,17,294,70,22,8708,95,90,347,865,38470,6174,6.230968578,0.160488692,44644
166,2527.8,7.31,21844,55466,1.25,13,250,0,22,6970,33,41,377,828,38417,5986,6.417808219,0.155816435,44403
166.1,2529.3,7.29,21970,54455,1.51,16,204,59,32,4703,80,0,191,814,39912,6232,6.40436457,0.156143516,46144
166.2,2530.7,7.3,22474,54774,1.27,26,204,22,30,3789,69,137,259,684,40856,6274,6.511954096,0.153563736,47130
166.3,2532.2,7.31,23193,56147,1.35,0,275,42,86,4213,158,0,226,806,40852,6620,6.170996979,0.16204837,47472
166.4,2533.7,7.33,22625,54197,1.38,6,180,49,39,4714,44,0,354,694,39561,6026,6.565051444,0.152321731,45587
166.5,2535.2,7.35,22021,54234,1.28,13,205,32,42,5420,78,140,296,705,38611,5997,6.43838586,0.155318433,44608
166.6,2536.8,7.35,21571,53808,1.28,10,233,32,53,5459,79,24,290,764,38649,5739,6.73444851,0.148490258,44388
166.7,2538.2,7.36,21702,53249,1.27,0,156,20,34,3979,77,0,280,937,39297,5987,6.563721396,0.152352597,45284
166.8,2539.6,7.36,22244,55040,1.32,0,165,65,52,4430,35,42,387,952,40003,6189,6.463564388,0.154713396,46192
166.9,2541.1,7.37,22674,55310,1.36,53,201,21,21,4970,104,0,312,687,40365,6154,6.559148521,0.152458813,46519
167,2542.6,7.38,22770,57190,1.4,55,213,43,38,6095,146,54,476,857,40574,6320,6.419936709,0.155764775,46894
167.1,2544.2,7.38,22393,55377,1.42,11,181,56,50,5446,0,67,190,897,39772,5841,6.809108029,0.146862114,45613
167.2,2545.7,7.38,21963,54088,1.33,0,205,28,20,4783,7,89,207,658,39158,5988,6.539412158,0.152918944,45146
167.3,2547.2,7.38,21745,54839,1.33,6,223,33,10,5758,75,0,114,767,38739,6172,6.276571614,0.159322646,44911
167.4,2548.7,7.39,21857,54673,1.36,14,218,46,41,5892,63,0,241,917,38716,6080,6.367763158,0.157041017,44796
167.5,2550.4,7.4,21840,54522,1.12,10,205,34,37,5284,117,20,157,914,39212,6029,6.503897827,0.153753953,45241
167.6,2552,7.4,22474,56396,1.33,0,173,5,24,5125,88,21,416,918,40326,6301,6.399936518,0.15625155,46627
167.7,2553.6,7.37,23321,57385,1.35,0,183,67,57,5804,31,4,447,771,41261,6291,6.5587347,0.152468433,47552
167.8,2554.9,7.36,23596,58783,1.28,0,202,29,35,5745,99,72,378,1082,42263,6299,6.709477695,0.149042898,48562
167.9,2556.5,7.36,23813,59738,1.28,22,279,66,74,5766,104,178,350,1051,42636,6466,6.593875657,0.151655878,49102
168,2558.1,7.36,23693,58008,1.28,15,266,52,62,5036,72,0,214,782,42480,6296,6.747141042,0.148210923,48776
168.1,2559.5,7.35,23828,58846,1.46,19,210,76,52,5841,8,76,236,839,42101,6641,6.339557296,0.157739721,48742
168.2,2561.1,7.35,23796,59518,1.16,16,241,32,30,6915,60,125,394,989,41836,6415,6.521590023,0.153336839,48251
168.3,2562.6,7.35,23999,59583,1.3,0,184,38,41,6262,90,0,151,859,42609,6406,6.651420543,0.150343824,49015
168.4,2564.2,7.33,24252,59861,1.3,9,211,45,64,6537,49,73,285,768,42565,6579,6.469828241,0.154563609,49144
168.5,2565.5,7.34,23949,58778,1.43,21,279,41,63,5840,62,0,233,606,42558,6249,6.810369659,0.146834908,48807
168.6,2567,7.35,23649,57287,1.47,21,231,12,33,5263,50,113,302,965,41779,6082,6.869286419,0.145575528,47861
168.7,2568.5,7.36,23546,57754,1.29,40,216,66,58,5041,45,116,314,781,42055,6160,6.82711039,0.146474854,48215
168.8,2570,7.37,23563,57316,1.29,16,207,15,65,4712,65,114,215,866,42158,6475,6.510888031,0.15358888,48633
168.9,2571.4,7.36,23535,57044,1.38,16,287,48,21,5390,30,0,282,846,41171,6461,6.3722334,0.156930849,47632
169,2572.8,7.36,23521,57322,1.36,15,230,27,59,5009,58,0,168,829,42014,6497,6.466676928,0.15463893,48511
169.1,2574.4,7.35,23348,58116,1.31,11,258,59,51,5157,59,41,338,740,42618,6317,6.74655691,0.148223755,48935
169.2,2576,7.35,22906,56564,1.32,19,198,162,77,5400,23,86,596,643,40764,6324,6.445920304,0.155136885,47088
169.3,2577.4,7.35,23256,57564,1.34,23,197,113,72,5414,21,0,280,847,41942,6125,6.847673469,0.146035001,48067
169.4,2579.1,7.36,22869,56867,1.43,14,238,52,48,5586,79,26,340,822,40916,6344,6.449558638,0.155049369,47260
169.5,2580.6,7.38,23035,57323,1.48,0,220,62,40,5608,188,123,316,935,40951,6063,6.754247072,0.148054993,47014
169.6,2582,7.37,23386,58804,1.31,5,195,25,51,5966,62,70,291,836,41992,6615,6.347996977,0.157530006,48607
169.7,2583.5,7.36,23836,58548,1.22,27,231,51,46,5853,19,0,249,725,42056,6550,6.420763359,0.155744721,48606
169.8,2585.1,7.34,23737,59301,1.33,13,183,32,66,5657,93,0,425,751,42847,6400,6.69484375,0.149368684,49247
169.9,2586.5,7.33,23733,59158,1.35,0,197,29,37,5611,96,27,425,814,42380,6726,6.300921796,0.158706937,49106
170,2588.2,7.33,23684,59164,1.32,0,188,64,43,5685,172,26,157,953,42512,6766,6.283180609,0.159155062,49278
170.1,2589.7,7.34,24020,60362,1.64,10,177,22,24,6817,0,0,329,930,42844,6572,6.519172246,0.153393707,49416
170.2,2591.1,7.33,24036,60619,1.36,5,222,0,7,6381,53,40,473,912,43325,6528,6.636795343,0.15067513,49853
170.3,2592.7,7.34,24121,60918,1.3,18,249,14,39,8167,36,0,144,985,42502,6393,6.648208979,0.150416451,48895
170.4,2594.4,7.33,24121,60082,1.24,0,281,60,53,6622,43,61,155,881,43003,6208,6.927029639,0.144362021,49211
170.5,2595.9,7.33,24230,59836,1.49,0,318,64,54,6443,12,0,343,952,42566,6232,6.830231065,0.146407931,48798
170.6,2597.5,7.33,23860,59597,1.37,0,174,30,51,6179,72,0,419,706,42576,6431,6.620432281,0.151047539,49007
170.7,2599,7.32,23969,60300,1.38,0,215,21,77,6734,37,237,123,885,42625,6532,6.525566442,0.153243402,49157
170.8,2600.5,7.3,24315,60694,1.26,13,217,22,61,7421,40,70,281,815,42961,6347,6.768709627,0.147738647,49308
170.9,2602.1,7.28,24343,60814,1.38,17,270,44,31,8055,20,0,170,835,42726,6389,6.687431523,0.149534241,49115
171,2603.6,7.27,24234,60717,1.29,0,277,21,16,8461,55,0,358,831,42299,6155,6.872298944,0.145511714,48454
171.1,2605.1,7.24,22919,56642,1.33,29,228,18,26,6015,0,86,333,626,40970,5937,6.900791646,0.14491091,46907
171.2,2606.7,7.23,23078,57200,1.27,15,250,27,24,5810,56,0,236,913,41087,6119,6.714659258,0.148927885,47206
171.3,2608.2,7.23,23727,59106,1.4,18,184,32,59,6220,111,62,378,856,42391,6085,6.966474938,0.14354462,48476
171.4,2609.8,7.24,23887,60056,1.43,0,207,46,55,7569,66,0,257,898,42030,6255,6.71942446,0.14882227,48285
171.5,2611.3,7.25,24208,59115,1.45,10,244,42,30,6676,5,0,305,699,42233,6317,6.685610258,0.149574977,48550
171.6,2612.9,7.26,23808,58352,1.45,17,206,67,13,6371,18,38,440,925,41872,5987,6.993819943,0.142983378,47859
171.7,2614.4,7.27,23498,58010,1.42,0,261,86,24,5525,109,0,251,850,41931,6592,6.36089199,0.157210656,48523
171.8,2616,7.27,23449,57392,1.57,10,191,72,48,5851,83,49,212,830,41299,6317,6.537755264,0.152957699,47616
171.9,2617.5,7.27,23577,58565,1.24,0,230,10,4,6027,103,94,166,709,42196,6515,6.476745971,0.154398521,48711
172,2619,7.26,23190,57916,1.31,0,210,14,20,5146,156,0,176,672,42534,6420,6.625233645,0.150938073,48954
172.1,2620.6,7.25,22925,55310,1.37,20,199,59,5,4516,84,0,235,690,41133,6249,6.582333173,0.151921815,47382
172.2,2622.2,7.25,23077,57625,1.38,27,251,27,25,5662,38,24,274,778,41928,6247,6.711701617,0.148993513,48175
172.3,2623.8,7.24,22856,58506,1.25,20,210,45,27,5520,135,122,282,995,42285,6552,6.453754579,0.154948563,48837
172.4,2625.3,7.24,23461,59455,1.39,0,231,12,43,5775,147,64,218,919,42337,6738,6.283318492,0.15915157,49075
172.5,2626.8,7.24,23799,60974,1.39,14,243,23,64,7026,120,0,306,1066,42703,6679,6.3936218,0.156405873,49382
172.6,2628.3,7.22,23568,60062,1.32,27,234,16,32,7013,34,34,203,894,42316,6688,6.32715311,0.158048965,49004
172.7,2629.9,7.21,23037,57759,1.42,0,209,54,27,6293,156,22,76,795,41181,6564,6.273765996,0.159393895,47745
172.8,2631.5,7.21,22712,55921,1.41,0,170,33,20,5046,53,0,84,795,40876,6494,6.294425624,0.158870731,47370
172.9,2633.1,7.22,23050,57003,1.34,0,196,26,25,4859,113,31,105,828,42180,6258,6.740172579,0.148364154,48438
173,2634.6,7.23,23687,59050,1.45,20,222,72,50,5341,142,171,502,1030,42119,6552,6.428418803,0.155559249,48671
173.1,2636.2,7.24,24040,59898,1.37,36,314,94,52,6221,70,113,334,848,42576,6460,6.590712074,0.151728673,49036
173.2,2637.7,7.24,24417,59577,1.37,15,232,41,73,5689,79,0,399,793,42912,6702,6.402864816,0.156180089,49614
173.3,2639.3,7.23,24016,58367,1.29,25,290,52,39,5208,73,0,292,871,42745,6645,6.432656132,0.155456779,49390
173.4,2640.9,7.21,23707,59167,1.23,26,280,41,86,4835,91,0,179,881,43151,7087,6.088754057,0.164237214,50238
173.5,2642.4,7.21,23517,58823,1.33,0,213,60,31,4651,205,0,325,737,43136,6796,6.347263096,0.15754822,49932
173.6,2643.9,7.22,23758,58862,1.35,11,213,48,30,4557,88,47,308,811,43275,6650,6.507518797,0.1536684,49925
173.7,2645.3,7.23,24035,59166,1.21,24,273,65,43,5579,101,0,286,688,42870,6365,6.735271013,0.148472125,49235
173.8,2646.9,7.23,23569,58463,1.53,12,298,89,11,5209,121,0,287,887,42267,6651,6.354984213,0.157356803,48918
173.9,2648.6,7.22,23423,58633,1.32,31,246,71,64,4993,73,76,376,959,42298,6761,6.256175122,0.159842073,49059
174,2650.1,7.18,23944,60833,1.53,31,292,76,42,5529,211,152,395,932,43265,6926,6.246751372,0.160083208,50191
174.1,2651.6,7.17,24352,60879,1.24,7,219,48,32,6473,150,83,246,911,43327,6714,6.453232052,0.15496111,50041
174.2,2653.2,7.17,24143,61110,1.41,0,218,61,93,6677,166,0,349,762,43114,6896,6.252030162,0.159948045,50010
174.3,2654.7,7.19,23970,60008,1.28,0,214,5,32,6106,13,43,409,761,43217,6655,6.49391435,0.153990328,49872
174.4,2656.2,7.21,23995,59208,1.37,7,222,23,18,5478,45,0,161,798,43270,6685,6.472700075,0.154495031,49955
174.5,2657.7,7.24,24134,60380,1.51,41,285,91,78,5286,63,137,403,766,43664,6765,6.454397635,0.154933126,50429
174.6,2659.1,7.25,23939,60207,1.33,49,285,101,31,6460,94,51,260,978,42510,6806,6.245959448,0.160103505,49316
174.7,2660.8,7.24,24034,60397,1.29,78,246,127,35,7379,89,79,357,798,42028,6602,6.365949712,0.157085752,48630
174.8,2662.5,7.23,23850,61352,1.34,25,252,50,27,8482,111,59,374,871,41769,6555,6.37208238,0.156934569,48324
174.9,2663.9,7.22,23464,59860,1.44,7,254,43,8,7768,194,18,473,913,41385,6356,6.511170548,0.153582216,47741
175,2665.4,7.21,23223,58836,1.31,10,195,40,49,6876,128,0,225,791,41249,6317,6.529840114,0.153143106,47566
175.1,2667,7.22,23346,57779,1.42,24,143,0,28,6168,142,0,135,737,41431,6367,6.507146223,0.153677198,47798
175.2,2668.6,7.22,24202,59898,1.36,17,209,41,34,6229,127,5,320,809,42518,6567,6.474493681,0.154452232,49085
175.3,2670.1,7.22,24312,59786,1.46,8,224,48,47,5756,35,0,257,833,42531,6783,6.27023441,0.159483671,49314
175.4,2671.7,7.23,24010,59358,1.36,0,211,42,17,6805,28,0,333,981,41608,6471,6.429918096,0.155522976,48079
175.5,2673.2,7.24,23258,59644,1.36,64,312,119,40,7644,102,53,558,967,40433,6386,6.33150642,0.157940296,46819
175.6,2674.7,7.24,23112,57579,1.28,0,248,41,60,5725,132,72,353,1101,40818,6476,6.302964793,0.158655495,47294
175.7,2676,7.22,23473,58650,1.4,11,224,84,19,6357,58,20,229,764,41692,6494,6.420080074,0.155761297,48186
175.8,2677.5,7.22,23462,59429,1.47,16,238,42,10,7281,46,120,346,826,41196,6433,6.403855122,0.156155937,47629
175.9,2679,7.22,23679,59933,1.41,11,229,39,49,6287,104,0,385,1038,42465,6645,6.390519187,0.156481809,49110
176,2680.6,7.21,23797,59107,1.28,27,225,45,34,5606,116,0,546,793,42427,6666,6.364686469,0.15711693,49093
176.1,2682,7.22,24032,61624,1.35,4,282,49,63,7183,210,78,300,908,42902,6614,6.486543695,0.154165307,49516
176.2,2683.6,7.21,24139,61375,1.39,10,222,41,61,7653,156,0,345,998,42493,6411,6.628139136,0.150871908,48904
176.3,2685.1,7.2,24148,60376,1.33,0,211,43,58,6341,89,97,325,907,42891,6550,6.548244275,0.15271269,49441
176.4,2686.6,7.19,23524,58456,1.28,9,186,27,56,5772,36,18,302,936,41973,6442,6.515523129,0.153479618,48415
176.5,2688.1,7.18,23349,57532,1.4,0,159,30,11,4522,115,23,391,1065,41929,6472,6.478522868,0.154356174,48401
176.6,2689.7,7.17,23412,56962,1.2,8,145,27,34,4383,138,0,280,803,41796,6662,6.273791654,0.159393243,48458
176.7,2691.1,7.17,23547,56801,1.21,22,170,48,19,3923,46,26,372,843,41984,6436,6.523306401,0.153296494,48420
176.8,2692.5,7.18,23327,56321,1.29,7,198,55,19,3221,180,87,395,860,41798,6501,6.429472389,0.155533758,48299
176.9,2694.2,7.17,23537,56416,1.28,4,184,65,37,3731,88,0,367,736,41813,6492,6.440696242,0.155262717,48305
177,2695.6,7.17,23534,57533,1.55,5,272,37,34,4285,108,10,339,901,42264,6569,6.43385599,0.155427787,48833
177.1,2697.2,7.17,23377,56689,1.38,6,208,23,67,3704,155,0,423,925,41847,6538,6.400581217,0.156235811,48385
177.2,2698.7,7.16,23768,58461,1.33,25,229,65,41,6643,49,0,191,787,41412,6341,6.530831099,0.153119869,47753
177.3,2700.2,7.14,23966,60389,1.37,19,198,38,13,6948,85,158,458,871,41742,6526,6.396261109,0.156341335,48268
177.4,2701.7,7.13,23636,57966,1.36,10,268,24,21,5494,100,46,260,872,41342,6281,6.582072918,0.151927822,47623
177.5,2703.1,7.14,22671,55280,1.33,14,262,66,53,4458,78,114,372,885,40236,6150,6.542439024,0.152848196,46386
177.6,2704.6,7.13,22467,55647,1.34,25,256,44,33,4772,191,0,285,856,40126,6327,6.342026237,0.157678313,46453
177.7,2706.1,7.11,23052,57314,1.31,18,197,30,39,5273,79,127,365,782,41159,6536,6.297276622,0.158798805,47695
177.8,2707.5,7.1,24058,62583,1.27,29,177,99,79,8609,144,0,447,790,42161,6919,6.093510623,0.164109011,49080
177.9,2709,7.12,24175,62141,1.42,5,287,38,19,9311,188,94,389,682,41792,6151,6.794342383,0.147181279,47943
178,2710.7,7.13,23794,61883,1.54,25,273,78,16,9228,222,101,375,858,41042,6420,6.392834891,0.156425125,47462
178.1,2712.3,7.14,23499,60283,1.28,34,245,55,16,8877,109,0,410,951,40393,6293,6.418719212,0.155794321,46686
178.2,2713.7,7.15,22746,57240,1.25,11,296,23,45,7701,56,141,421,788,38994,6289,6.200349817,0.161281223,45283
178.3,2715.2,7.14,22507,56409,1.35,46,292,39,59,7351,122,0,463,808,38486,5989,6.426114543,0.155615029,44475
178.4,2716.7,7.12,22094,54250,1.43,8,271,52,35,5454,6,44,433,770,38479,5937,6.481219471,0.154291951,44416
178.5,2718.2,7.09,21191,55552,1.38,162,364,191,43,7294,54,13,502,884,37111,6225,5.961606426,0.167740023,43336
178.6,2719.8,7.08,20923,56685,1.18,212,358,368,73,8493,77,166,684,884,36056,6282,5.739573384,0.174228977,42338
178.7,2721.3,7.1,21264,57130,1.35,281,409,494,75,8653,115,155,825,819,36242,6264,5.785759898,0.172838144,42506
178.8,2722.9,7.13,21373,56189,1.33,120,302,238,54,8749,91,206,769,809,36270,6156,5.891812865,0.169727047,42426
178.9,2724.5,7.14,21012,55241,1.27,12,266,65,49,8665,87,178,620,843,35784,6025,5.939253112,0.168371339,41809
179,2725.9,7.14,21531,54869,1.44,0,198,74,49,6378,66,172,648,933,37469,6304,5.943686548,0.16824575,43773
179.1,2727.4,7.14,22427,56496,1.42,4,151,41,57,7355,42,0,294,840,39177,6198,6.320909971,0.158205069,45375
179.2,2729,7.13,23174,63299,1.24,13,199,27,17,13786,152,0,444,860,39314,6070,6.476771005,0.154397924,45384
179.3,2730.5,7.1,23795,67303,1.5,29,254,36,44,17338,197,50,249,920,39294,6369,6.169571361,0.162085815,45663
179.4,2732.1,7.08,23214,62561,1.41,0,229,33,28,12070,163,101,416,906,39438,6147,6.415812592,0.155864902,45585
179.5,2733.5,7.05,23137,60162,1.23,20,221,23,28,9861,185,36,298,780,39120,6531,5.98989435,0.166947853,45651
179.6,2734.8,7.02,22914,59037,1.31,10,195,39,63,8870,131,103,651,848,39058,6198,6.301710229,0.158687081,45256
179.7,2736.4,7.01,22637,56171,1.32,11,186,56,44,6826,36,29,392,829,38488,6040,6.37218543,0.156932031,44528
179.8,2737.9,7,22357,56187,1.48,9,194,13,53,8339,135,107,476,715,37253,6026,6.182044474,0.161758785,43279
179.9,2739.3,7,21943,55710,1.38,16,286,58,47,9418,216,93,504,685,35742,5877,6.081674324,0.164428404,41619
180,2740.8,6.99,20929,53640,1.42,35,244,61,29,8624,94,133,386,699,34810,5891,5.90901375,0.169232979,40701
180.1,2742.3,6.98,21027,55416,1.42,60,273,100,77,9974,80,272,909,872,34437,6096,5.649114173,0.177018904,40533
180.2,2743.8,6.95,20514,54924,1.37,19,248,64,66,10392,69,120,763,794,33904,5933,5.714478341,0.174994101,39837
180.3,2745.3,6.92,20770,56407,1.51,33,262,52,41,11838,119,446,934,912,33316,6062,5.495875949,0.181954616,39378
180.4,2746.9,6.9,21624,58449,1.37,0,277,60,58,12253,101,310,1056,849,34374,6316,5.442368588,0.183743527,40690
180.5,2748.5,6.92,21344,57233,1.42,60,231,56,66,12382,210,382,1017,729,33471,5818,5.753007906,0.173822115,39289
180.6,2749.9,6.95,20944,55693,1.38,70,247,176,99,10467,134,188,1137,876,33510,6216,5.390926641,0.185496867,39726
180.7,2751.3,6.97,21523,54658,1.41,78,224,94,57,8167,119,237,790,964,35232,6027,5.845694375,0.171066076,41259
180.8,2752.8,6.98,22227,56174,1.49,0,126,15,40,6341,36,264,751,943,38718,6207,6.237796037,0.160313033,44925
180.9,2754.4,6.98,22578,58317,1.34,12,169,51,36,7164,89,443,538,924,39427,6458,6.10514091,0.163796383,45885
181,2755.8,6.98,23191,60341,1.21,11,186,48,65,9652,139,0,326,908,39902,6417,6.218170485,0.160819007,46319
181.1,2757.3,6.98,23703,62913,1.37,30,239,59,34,11243,154,116,362,627,40508,6466,6.264769564,0.159622791,46974
181.2,2758.8,6.96,23477,62225,1.39,10,273,63,46,9961,63,78,530,653,40616,6511,6.23805867,0.160306283,47127
181.3,2760.2,6.96,23254,60707,1.21,14,261,38,31,9650,91,67,381,777,39922,6422,6.216443476,0.160863684,46344
181.4,2761.8,6.94,23093,59997,1.43,25,279,80,52,9470,156,27,256,973,39508,6200,6.372258065,0.156930242,45708
181.6,2764.6,6.87,22696,56697,1.33,18,147,48,32,5796,134,45,54,928,40575,6434,6.306341312,0.158570548,47009
181.7,2766.2,6.89,23277,58468,1.34,16,214,57,30,5974,69,88,306,937,41412,6573,6.300319489,0.15872211,47985
181.8,2767.6,6.9,23453,59520,1.37,17,183,7,57,6682,217,0,265,925,41977,6259,6.706662406,0.149105463,48236
181.9,2769.2,6.91,23480,58747,1.51,0,175,40,49,5649,161,0,417,793,41691,6676,6.24490713,0.160130484,48367
182,2770.6,6.93,22918,57078,1.26,14,186,50,11,4738,37,105,375,909,41528,6698,6.200059719,0.161288769,48226
182.1,2772.1,6.94,23254,57552,1.34,41,190,148,9,5402,90,109,426,924,41177,6406,6.427880112,0.155572285,47583
182.2,2773.6,6.94,23695,59767,1.3,13,182,32,47,7622,165,75,255,840,41449,6413,6.463277717,0.154720259,47862
182.3,2775,6.94,23598,60933,1.19,37,217,50,11,8401,36,98,335,709,41536,6485,6.404934464,0.156129622,48021
182.4,2776.4,6.94,22676,57636,1.32,0,180,31,21,6477,76,102,365,890,40444,6193,6.530599063,0.153125309,46637
182.5,2778,6.95,23162,58027,1.38,10,107,11,12,5586,112,127,323,875,41566,6418,6.476472421,0.154405043,47984
182.6,2779.6,6.94,22879,56395,1.31,5,129,22,37,4967,102,43,242,907,40814,6531,6.249272699,0.160018621,47345
182.7,2781.1,6.97,22774,55753,1.3,0,137,0,15,5057,117,0,249,818,40680,6132,6.634050881,0.150737463,46812
182.8,2782.5,6.98,22424,56017,1.37,9,163,22,17,4741,48,167,383,904,40469,6312,6.41143853,0.155971237,46781
182.9,2784,6.98,22678,56643,1.41,0,183,48,29,5160,200,109,350,929,40600,6251,6.494960806,0.153965517,46851
183,2785.5,6.96,22962,56003,1.28,7,209,24,32,5132,73,0,211,714,40345,6267,6.437689485,0.155335234,46612
183.1,2787,6.95,22442,55094,1.21,12,190,28,9,4361,202,0,349,852,40263,6336,6.354640152,0.157365323,46599
183.2,2788.4,6.94,22828,55926,1.31,0,173,27,21,4722,259,39,269,820,40518,6470,6.26244204,0.159682117,46988
183.3,2790.1,6.92,23281,57984,1.14,0,188,30,31,5853,160,72,343,908,40907,6502,6.291448785,0.158945902,47409
183.4,2791.5,6.92,23084,56163,1.31,0,162,32,12,5141,104,237,354,825,40197,6327,6.353247985,0.157399806,46524
183.5,2793,6.93,22845,56861,1.37,0,196,60,51,6323,166,83,364,863,39762,6220,6.392604502,0.156430763,45982
183.6,2794.6,6.93,22321,55986,1.28,0,195,5,34,5531,164,184,381,825,39489,6348,6.220699433,0.160753628,45837
183.7,2796.1,6.93,22130,54101,1.36,12,142,65,21,4646,0,0,288,828,39261,6523,6.018856354,0.16614452,45784
183.8,2797.6,6.94,22172,55618,1.44,0,151,52,35,5774,143,0,439,844,39589,6050,6.543636364,0.152820228,45639
183.9,2799.1,6.96,22432,57006,1.46,20,162,53,33,6513,48,84,351,669,39861,6308,6.31911858,0.158249918,46169
184,2800.5,6.98,21608,55234,1.23,25,158,82,37,6122,114,204,626,842,38669,6157,6.280493747,0.15922315,44826
184.1,2802,6.99,21856,54934,1.15,0,163,42,25,5201,0,141,427,789,39315,6271,6.269335034,0.15950655,45586
184.2,2803.4,7,21637,54625,1.29,30,189,18,25,5831,47,0,221,727,38785,6146,6.310608526,0.158463323,44931
184.3,2805,6.99,21670,54980,1.27,35,169,25,29,5335,149,63,183,815,39445,6033,6.538206531,0.152947142,45478
184.4,2806.6,7.01,22820,58456,1.38,9,181,55,49,7032,133,57,429,725,40698,6228,6.534682081,0.153029633,46926
184.5,2808,7.02,22720,56144,1.31,19,177,14,26,5228,122,46,169,630,40957,6268,6.534301213,0.153038553,47225
184.6,2809.6,7.04,22226,56498,1.35,0,172,39,26,5963,66,121,367,854,40095,6092,6.581582403,0.151939145,46187
184.7,2811.2,7.04,22050,57944,1.35,15,172,31,9,8403,54,101,400,849,39191,6023,6.506890254,0.153683244,45214
184.8,2812.6,7.04,21745,56945,1.2,0,113,20,6,7877,80,57,281,637,39187,6085,6.439934265,0.155281088,45272
184.9,2814,7.02,22261,58108,1.36,9,159,16,49,7325,82,171,328,849,40085,6325,6.337549407,0.157789697,46410
185,2815.5,7.01,22921,57309,1.22,40,238,75,51,6285,130,0,435,821,40091,6115,6.556173344,0.152527999,46206
185.1,2817.2,7.02,22744,54864,1.3,4,156,0,23,4472,91,0,135,828,40465,5958,6.791708627,0.147238354,46423
185.2,2818.7,7.04,22248,54500,1.25,0,190,23,6,4839,89,142,392,915,38972,5963,6.535636425,0.153007287,44935
185.3,2820.2,7.03,21954,54124,1.33,11,120,20,59,3847,54,239,463,902,39171,6320,6.197943038,0.161343851,45491
185.4,2821.7,7.02,22655,54259,1.35,17,176,42,33,3406,24,14,240,888,40512,6086,6.656588893,0.150227093,46598
185.5,2823.3,7.02,22999,56516,1.35,0,131,38,34,3923,73,0,180,913,41350,6390,6.471048513,0.154534462,47740
185.6,2824.7,7,23232,56686,1.33,5,138,7,33,3938,0,33,271,831,41997,6460,6.501083591,0.153820511,48457
185.7,2826.2,6.99,23605,58079,1.31,0,201,18,19,4179,0,13,265,956,42153,6499,6.486074781,0.154176452,48652
185.8,2827.5,7.01,23462,58954,1.3,0,204,13,35,5260,0,81,416,932,41962,6503,6.452714132,0.154973547,48465
185.9,2829,7.02,23223,58738,1.24,0,228,28,40,6700,106,40,257,793,41304,6382,6.471952366,0.15451288,47686
186,2830.6,7.03,22490,56583,1.39,12,205,38,31,6212,76,18,404,700,40178,6250,6.42848,0.155557768,46428
186.1,2832.2,7.03,22165,59278,1.21,0,220,45,31,10877,161,0,267,856,38342,6026,6.362761367,0.157164467,44368
186.2,2833.8,7.04,21769,58781,1.2,5,175,26,32,11018,139,95,301,594,37357,6076,6.148288348,0.162646893,43433
186.3,2835.3,7.04,21354,57121,1.3,12,144,0,35,9414,122,97,334,839,37510,5761,6.511022392,0.15358571,43271
186.4,2836.7,7.03,21888,58466,1.4,0,172,28,6,10863,71,0,175,669,37847,5897,6.418009157,0.155811557,43744
186.5,2838.3,7.03,21753,59152,1.24,28,151,21,21,11534,78,28,167,725,37483,6044,6.201687624,0.161246432,43527
186.6,2839.9,7.03,21620,59349,1.36,11,144,39,38,11424,26,20,348,645,37692,6074,6.20546592,0.161148254,43766
186.7,2841.4,7.04,22227,61310,1.3,20,222,55,25,13995,0,0,435,771,37291,5622,6.633048737,0.150760237,42913
186.8,2843,7.04,22028,62461,1.47,0,187,39,44,14635,0,7,495,882,37142,5870,6.327427598,0.158042109,43012
186.9,2844.4,7.03,22468,62717,1.28,12,256,36,55,13910,43,0,391,839,38169,6142,6.214425269,0.160915927,44311
187,2846,7.03,22157,61736,1.36,0,295,16,63,14362,0,0,424,845,37244,5733,6.496424211,0.153930834,42977
187.1,2847.5,7.02,21218,58011,1.3,0,241,60,0,11939,63,0,324,734,36465,5794,6.293579565,0.158892088,42259
187.2,2849.1,7.02,21358,57277,1.28,6,298,83,40,10611,34,0,576,612,36821,5697,6.463226259,0.15472149,42518
187.3,2850.5,7.03,20735,54619,1.2,0,247,47,42,8749,0,164,374,740,36171,5717,6.326919713,0.158054795,41888
187.4,2851.9,7.06,20749,56020,1.33,24,175,33,22,10378,0,0,309,678,36117,6102,5.918879056,0.16895091,42219
187.5,2853.4,7.08,21032,55683,1.28,15,199,31,0,9767,0,0,369,638,36795,5552,6.627341499,0.150890067,42347
187.6,2854.9,7.08,21018,56856,1.36,0,193,26,65,10565,56,0,463,745,36314,5775,6.288138528,0.159029575,42089
187.7,2856.5,7.06,21447,57323,1.39,0,197,25,45,9963,5,113,350,809,37548,5747,6.533495737,0.15305742,43295
187.8,2858,7.05,22392,60795,1.47,12,250,64,20,13140,118,152,506,891,37668,5611,6.713241846,0.148959329,43279
187.9,2859.4,7.04,22290,62124,1.41,10,227,83,45,15055,80,80,401,557,36788,6020,6.110963455,0.163640317,42808
188,2860.9,7.03,22321,61124,1.36,21,271,43,15,14074,77,109,304,593,36648,5764,6.358084663,0.15728007,42412
188.1,2862.6,7.01,22314,61345,1.43,36,293,52,29,14908,0,0,99,816,36516,5830,6.263464837,0.159656041,42346
188.2,2864.1,7,21272,60477,1.39,23,272,46,53,15574,93,0,260,690,35194,5494,6.405897343,0.156106154,40688
188.3,2865.6,6.99,20850,58983,1.41,27,242,105,25,14662,94,0,489,484,34856,5701,6.114015085,0.163558641,40557
188.4,2867.2,7,20904,57155,1.33,20,244,229,36,10733,0,0,830,929,36036,6004,6.001998668,0.166611167,42040
188.5,2868.8,7.01,21371,58042,1.35,13,181,9,41,12093,0,0,137,884,36399,5772,6.306133056,0.158575785,42171
188.6,2870.2,7,21397,58693,1.16,20,196,41,4,12605,118,28,226,760,36444,5764,6.322692575,0.158160465,42208
188.7,2871.8,7,21346,57709,1.39,14,188,6,48,11064,71,88,422,807,36847,5790,6.363903282,0.157136266,42637
188.8,2873.2,7.02,21770,60981,1.53,14,195,22,23,14027,59,68,282,788,37069,5624,6.591216216,0.151717068,42693
188.9,2874.7,7.05,21179,59868,1.32,11,225,51,15,14221,84,0,205,861,36059,5659,6.371973847,0.156937242,41718
189,2876.2,7.08,19531,54167,1.24,0,136,0,0,10767,72,0,257,623,34450,5506,6.256810752,0.159825835,39956
189.1,2877.7,7.09,19001,50930,1.11,17,145,37,17,8148,19,78,141,815,34015,5322,6.391394213,0.156460385,39337
189.2,2879.3,7.08,19828,54183,1.16,15,150,15,22,10516,101,35,0,731,34848,5684,6.130893737,0.163108356,40532
189.3,2880.7,7.07,19978,55430,1.22,28,151,0,14,12134,30,118,234,722,34404,5442,6.321940463,0.158179281,39846
189.4,2882.4,7.06,20146,57256,1.27,0,228,32,0,13517,130,0,238,786,34499,5459,6.319655615,0.158236471,39958
189.5,2883.8,7.05,19435,51631,1.11,0,214,21,4,9138,17,0,193,579,34297,5413,6.33604286,0.157827215,39710
189.6,2885.4,7.03,20766,57998,1.23,0,173,0,0,12543,71,93,213,814,36085,5836,6.183173406,0.16172925,41921
189.7,2886.9,7.02,20946,60271,1.45,11,255,32,4,17024,14,0,123,525,34544,5498,6.283012004,0.159159333,40042
189.8,2888.5,7.04,19564,56365,1.41,0,168,25,20,14143,15,52,113,661,34004,5244,6.484363082,0.154217151,39248
189.9,2889.9,7.05,19948,57111,1.44,32,227,19,59,14128,11,0,274,600,34002,5428,6.264185704,0.159637668,39430
190,2891.5,7.05,20525,58812,1.43,0,233,29,14,15435,18,0,205,622,33961,5701,5.957025083,0.167869026,39662
190.1,2893,7.06,19525,55092,1.31,0,174,33,4,13574,0,0,188,664,32817,5486,5.981954065,0.167169455,38303
190.2,2894.5,7.05,20073,56248,1.23,20,228,13,28,13445,11,0,225,810,33672,5546,6.071402813,0.164706581,39218
190.3,2895.9,7.05,20862,59494,1.36,0,251,43,14,15310,38,0,228,639,34718,5863,5.921541873,0.168874935,40581
190.4,2897.3,7.05,20942,59667,1.46,11,185,24,29,15849,0,38,204,618,34593,5776,5.989092798,0.166970196,40369
190.5,2898.9,7.05,21182,60911,1.34,0,108,13,9,16352,0,0,313,575,35160,5832,6.028806584,0.165870307,40992
190.6,2900.2,7.03,21905,63228,1.57,10,183,0,19,17188,0,0,308,697,36294,6015,6.033915212,0.165729873,42309
190.7,2901.7,7.03,22370,65366,1.44,13,186,37,39,18595,8,0,89,850,36903,5962,6.189701442,0.161558681,42865
190.8,2903.1,7.04,22545,65458,1.35,8,203,33,32,19465,0,74,219,720,36505,5666,6.442816802,0.155211615,42171
190.9,2904.6,7.06,22191,65190,1.41,0,211,43,47,19712,0,29,281,624,35757,5857,6.105002561,0.163800095,41614
191,2906,7.1,21446,60683,1.28,5,204,15,56,15583,14,0,160,859,35783,5581,6.411574987,0.155967918,41364
191.1,2907.4,7.12,21104,59226,1.44,0,184,41,15,14777,20,0,156,678,35047,5672,6.178949224,0.161839815,40719
191.2,2908.8,7.12,21091,58655,1.47,9,130,65,22,14250,5,0,131,731,35364,5719,6.183598531,0.161718131,41083
191.3,2910.3,7.12,20863,57828,1.44,0,179,46,22,13612,0,0,154,712,34943,5567,6.276809772,0.159316601,40510
191.4,2911.8,7.11,20834,59531,1.34,13,163,16,43,15207,34,138,149,643,34836,5661,6.153683095,0.162504306,40497
191.5,2913,7.11,20372,56172,1.33,16,129,32,23,11592,19,0,218,671,35318,5605,6.301159679,0.158700946,40923
191.6,2914.3,7.1,20761,58509,1.47,19,164,47,21,14211,19,0,83,693,34754,5789,6.003454828,0.166570754,40543
191.7,2915.7,7.1,20882,59470,1.5,0,143,25,17,14252,89,35,255,784,35249,5901,5.97339434,0.167409005,41150
191.8,2917.1,7.11,20837,59142,1.46,16,179,0,28,13999,20,53,228,583,35554,5550,6.406126126,0.156100579,41104
191.9,2918.6,7.11,20503,58674,1.35,12,183,41,27,15260,0,83,224,786,34230,5504,6.219113372,0.160794625,39734
192,2920,7.12,19966,58053,1.25,7,171,22,10,14766,0,93,140,808,33899,5548,6.110129776,0.163662645,39447
192.1,2921.5,7.11,20642,59511,1.34,7,158,20,21,15738,0,48,230,545,34521,5530,6.242495479,0.160192347,40051
192.2,2922.7,7.09,21275,61685,1.36,9,161,29,16,16298,44,112,247,624,35982,5857,6.143418132,0.162775832,41839
192.3,2924,7.09,21424,61511,1.34,0,135,20,25,16294,44,0,144,590,35578,5771,6.164962745,0.162206982,41349
192.4,2925.4,7.1,21330,61413,1.44,13,161,17,47,16490,0,28,257,612,35264,5830,6.048713551,0.16532441,41094
192.5,2926.7,7.09,21028,62307,1.34,0,167,48,47,18146,92,0,74,585,34193,5515,6.2,0.161290323,39708
192.6,2928,7.09,20824,62314,1.36,12,177,8,22,18491,9,27,216,779,34457,5454,6.317748442,0.158284238,39911
192.7,2929.5,7.08,20586,61987,1.46,6,229,28,0,19751,20,0,509,481,33051,5398,6.122823268,0.163323349,38449
192.8,2930.7,7.08,20244,60382,1.26,9,195,32,13,18730,0,122,219,725,32757,5255,6.233491912,0.160423726,38012
192.9,2932,7.07,20304,61432,1.33,0,209,35,33,19762,60,13,232,713,32509,5345,6.082132834,0.164416008,37854
193,2933.4,7.08,20616,62399,1.34,44,192,60,27,19655,63,117,320,689,33233,5651,5.880906034,0.170041826,38884
193.1,2934.9,7.08,20851,62969,1.25,50,240,58,22,19667,0,80,565,512,33655,5806,5.796589735,0.172515228,39461
193.2,2936.5,7.04,21657,67119,1.41,107,333,60,28,22954,120,147,330,776,34321,5583,6.147411786,0.162670085,39904
193.3,2937.9,7.01,21936,67218,1.24,170,264,158,32,21371,116,104,350,713,35065,5689,6.163649147,0.162241551,40754
193.4,2939.3,6.99,21910,65856,1.38,18,228,80,37,19064,131,157,456,939,36171,6066,5.962908012,0.167703409,42237
193.5,2940.7,6.99,22691,68304,1.39,15,228,41,46,21482,64,78,420,666,36493,5917,6.167483522,0.162140685,42410
193.6,2942.1,7,22047,66587,1.32,5,212,13,30,20238,81,0,305,865,36318,5783,6.28013142,0.159232337,42101
193.7,2943.4,7.02,22439,68296,1.35,19,275,45,33,22701,99,35,260,667,35574,5837,6.094569128,0.164080508,41411
193.8,2944.8,7.03,21136,63949,1.43,23,277,13,23,20151,40,0,238,675,34237,5546,6.173278038,0.161988492,39783
193.9,2946.2,7.03,21060,63211,1.33,18,245,44,23,18799,40,72,140,739,34485,5611,6.145963286,0.162708424,40096
194,2947.5,7,21509,65255,1.34,0,249,37,71,20914,24,48,314,718,34471,5771,5.97314157,0.167416089,40242
194.1,2948.8,6.97,21954,66612,1.29,0,293,24,13,22247,30,0,146,766,34777,5663,6.141091294,0.162837508,40440
194.2,2950.2,6.97,21099,64516,1.24,6,298,38,21,20916,85,0,291,705,33941,5458,6.218578234,0.160808462,39399
194.3,2951.7,6.98,20503,60069,1.28,0,189,25,0,17468,51,0,206,448,33732,5462,6.175759795,0.161923396,39194
194.4,2953,6.99,20570,58454,1.38,0,191,41,14,14688,66,61,323,713,34463,5517,6.246692043,0.160084729,39980
194.5,2954.5,7,21529,61201,1.35,9,179,52,50,16488,6,57,191,564,35356,5479,6.453002373,0.154966625,40835
194.6,2955.9,7.02,21498,63119,1.44,19,211,71,27,18092,50,0,373,639,35171,5491,6.405208523,0.156122942,40662
194.7,2957.3,7.04,21083,60181,1.28,5,160,27,14,16403,55,0,74,815,34711,5544,6.261002886,0.159718821,40255
194.8,2958.6,7.05,21468,62836,1.36,7,158,44,30,18127,0,97,215,506,35497,5632,6.302734375,0.158661295,41129
194.9,2959.9,7.05,22300,70158,1.26,22,225,28,23,24429,0,114,294,626,35866,5751,6.236480612,0.160346847,41617
195,2961.2,7.06,21535,63389,1.4,0,187,22,28,17999,24,34,347,555,35622,5916,6.021298174,0.166077143,41538
195.1,2962.6,7.07,21140,59886,1.35,7,200,0,5,15354,93,0,197,551,35125,5516,6.367839014,0.157039146,40641
195.2,2964.2,7.06,21633,61912,1.41,0,150,66,18,15881,21,76,260,598,36122,5880,6.143197279,0.162781684,42002
195.3,2965.7,7.04,21360,62847,1.39,25,231,17,10,17795,42,0,308,610,35285,5540,6.369133574,0.157007227,40825
195.4,2967.2,7.03,20595,58978,1.29,7,213,0,22,15703,91,14,189,748,34057,5438,6.262780434,0.159673489,39495
195.5,2968.6,7.02,21005,62268,1.49,5,241,27,32,19755,0,26,223,530,33568,5326,6.302666166,0.158663012,38894
195.6,2970.3,7.01,20844,60484,1.27,0,201,0,0,17222,0,0,78,650,34002,5521,6.158666908,0.162372802,39523
195.7,2971.7,7.01,21686,64789,1.3,20,235,9,24,19443,82,0,294,773,35447,5749,6.16576796,0.162185799,41196
195.8,2973.2,7,22476,66266,1.37,0,197,28,24,18563,26,0,259,671,37318,6289,5.933852759,0.168524573,43607
195.9,2974.7,6.98,23518,67982,1.53,0,197,65,39,19181,25,0,211,690,38128,6255,6.095603517,0.164052665,44383
196,2976.3,6.98,23729,69719,1.35,8,236,0,45,21970,15,29,310,742,37608,6085,6.180443714,0.161800681,43693
196.1,2977.9,7,22261,64006,1.39,0,169,22,42,16589,83,54,356,746,36941,6092,6.063854235,0.164911616,43033
196.2,2979.5,7.01,22420,63588,1.45,0,187,51,21,16593,46,8,324,708,36925,5943,6.213191991,0.160947867,42868
196.3,2981,6.99,22415,65700,1.4,0,224,42,0,18694,20,136,268,718,36995,5783,6.397198686,0.156318421,42778
196.4,2982.4,6.99,22114,64263,1.45,0,223,38,17,17949,146,0,274,821,36486,5571,6.549273021,0.152688703,42057
196.5,2984.1,6.99,22241,61920,1.39,4,202,41,33,14661,137,0,413,852,36808,5879,6.260928729,0.159720713,42687
196.6,2985.6,6.98,22371,61700,1.31,0,236,27,7,14908,39,0,271,711,37022,5799,6.384204173,0.156636594,42821
196.7,2987.1,6.98,22552,63173,1.19,0,206,47,52,14902,53,61,258,919,38046,6013,6.32729087,0.158045524,44059
196.8,2988.6,6.96,22861,64833,1.38,16,195,41,40,16224,75,110,283,714,38409,6040,6.35910596,0.15725481,44449
196.9,2990,6.95,22949,63921,1.26,0,239,60,26,15663,48,0,204,803,38415,6119,6.277986599,0.159286737,44534
197,2991.3,6.93,23099,64023,1.34,5,288,12,75,15259,39,0,357,825,38612,5851,6.59921381,0.151533202,44463
197.1,2992.7,6.91,22658,62892,1.3,26,274,29,57,13711,122,0,284,846,38689,6083,6.36018412,0.157228153,44772
197.2,2994.2,6.9,22739,63837,1.27,12,242,0,0,14690,18,157,438,790,38525,6135,6.279543602,0.159247242,44660
197.3,2995.7,6.89,22834,63979,1.3,15,301,36,36,15658,66,0,345,754,38363,5893,6.509927032,0.153611553,44256
197.4,2997.2,6.88,22471,62718,1.31,0,278,31,16,14269,14,0,259,785,38399,6105,6.28976249,0.158988515,44504
197.5,2998.6,6.86,22218,61545,1.21,0,234,31,28,13943,80,105,290,615,37848,5911,6.4029775,0.156177341,43759
197.6,3000.2,6.85,22412,62246,1.21,0,233,26,22,14053,139,0,255,813,38327,6072,6.312088274,0.158426175,44399
197.7,3001.6,6.83,22734,63053,1.45,0,244,17,46,14329,52,0,228,499,38903,6181,6.293965378,0.158882348,45084
197.8,3003.3,6.83,22397,62086,1.3,30,233,52,15,13283,30,119,343,735,38239,6162,6.20561506,0.161144381,44401
197.9,3004.9,6.81,22357,63573,1.26,6,248,20,19,15358,111,0,307,855,37909,6080,6.235032895,0.160384078,43989
198,3006.4,6.81,22460,63004,1.35,0,243,0,24,14763,83,39,257,808,37930,6282,6.037886024,0.165620881,44212
198.1,3007.9,6.79,22531,64791,1.32,19,238,28,5,17512,77,0,297,759,37148,6042,6.148295266,0.16264671,43190
198.2,3009.4,6.77,21724,60478,1.33,0,215,39,12,13667,55,0,397,686,36981,5872,6.297854223,0.158784241,42853
198.3,3010.9,6.76,21948,59862,1.28,0,195,21,44,12976,95,27,295,922,36863,5869,6.280967797,0.159211133,42732
198.4,3012.4,6.75,22450,61643,1.33,0,209,31,38,14286,123,0,286,803,36987,5831,6.343165838,0.157649985,42818
198.5,3013.9,6.74,22235,61522,1.34,0,215,37,20,15060,98,0,316,617,36455,5972,6.104320161,0.163818406,42427
198.6,3015.4,6.75,22276,62865,1.38,12,189,62,52,15244,138,166,273,845,37083,6003,6.177411294,0.161880107,43086
198.7,3017,6.74,22044,60784,1.52,0,241,37,38,13855,153,104,139,789,36653,6028,6.080457863,0.164461299,42681
198.8,3018.4,6.73,22806,63974,1.54,17,240,55,12,16699,30,0,147,647,37564,6086,6.172198488,0.162016825,43650
198.9,3019.9,6.73,22907,65691,1.37,0,229,38,26,17817,100,0,285,672,37608,6060,6.205940594,0.161135929,43668
199,3021.5,6.72,22843,66288,1.3,0,252,46,58,18963,0,11,233,684,37277,5988,6.225283901,0.160635244,43265
199.1,3023,6.72,22985,68560,1.39,10,270,0,36,21984,54,37,222,659,36608,6151,5.951552593,0.168023383,42759
199.2,3024.5,6.72,22990,68743,1.37,0,259,29,32,21743,119,0,144,724,36991,5873,6.29848459,0.158768349,42864
199.3,3026,6.71,22436,64556,1.36,0,236,36,24,16828,83,84,249,629,37359,5886,6.347094801,0.157552397,43245
199.4,3027.4,6.69,23065,65758,1.36,12,211,16,15,16859,76,10,193,615,38523,6196,6.217398321,0.160838979,44719
199.5,3029,6.69,23446,66472,1.52,0,280,41,44,17967,101,0,223,837,37819,6339,5.966082978,0.167614162,44158
199.6,3030.4,6.71,22721,64958,1.31,9,209,52,37,17289,0,0,335,704,37756,6207,6.082809731,0.164397712,43963
199.7,3031.9,6.73,21327,59588,1.39,33,190,30,77,14025,72,41,537,761,35621,5802,6.139434678,0.162881446,41423
199.8,3033.4,6.72,21443,60052,1.51,19,201,41,8,13911,26,0,222,791,36054,5831,6.183158978,0.161729628,41885
199.9,3034.9,6.7,21692,60247,1.31,0,159,24,56,14105,49,0,297,873,36264,5806,6.245952463,0.160103684,42070
200.1,3037.8,7.12,20784,64303,1.49,15,277,44,42,22794,21,33,333,566,31943,5379,5.938464399,0.168393701,37322
200.2,3039.3,7.13,19829,58897,1.52,15,240,48,32,18768,21,39,231,598,30930,5157,5.997673066,0.166731329,36087
200.3,3040.8,7.15,20033,58283,1.49,9,224,48,58,17300,15,124,284,627,31452,5480,5.739416058,0.174233753,36932
200.4,3042,7.17,20471,59859,1.5,16,269,47,74,18660,12,9,284,591,31855,5278,6.035430087,0.165688275,37133
200.5,3043.4,7.2,20974,62005,1.53,11,283,79,33,20526,23,0,324,560,31934,5466,5.842297841,0.171165529,37400
200.6,3044.9,7.22,20724,63262,1.45,3,307,72,42,22937,32,130,361,492,30964,5354,5.783339559,0.172910477,36318
200.7,3046.3,7.23,20763,67476,1.46,7,304,31,35,27284,0,63,362,641,30706,5319,5.772889641,0.173223474,36025
200.8,3047.8,7.24,20830,71136,1.48,5,301,60,42,32135,26,113,254,606,29739,5188,5.732266769,0.174451058,34927
200.9,3049.3,7.25,20192,66456,1.4,11,300,33,18,27606,26,0,289,523,29577,5079,5.823390431,0.17172127,34656
201,3050.8,7.26,20633,69887,1.44,14,211,44,21,31424,0,0,242,565,29273,5037,5.811594203,0.172069825,34310
201.1,3052.2,7.27,21823,76799,1.52,14,267,28,45,37209,18,0,295,663,29981,5221,5.742386516,0.174143624,35202
201.2,3053.5,7.28,21626,70445,1.43,9,256,62,47,30737,0,37,426,480,30096,5144,5.850699844,0.170919724,35240
201.3,3054.9,7.29,21054,67301,1.47,3,276,34,45,28164,0,83,274,506,29725,5320,5.587406015,0.178973928,35045
201.4,3056.5,7.3,21258,68850,1.46,8,277,28,51,30457,0,43,237,482,29595,4944,5.986043689,0.167055246,34539
201.5,3057.9,7.3,21134,68421,1.53,7,245,36,25,29925,0,58,355,527,29437,4958,5.937273094,0.168427489,34395
201.6,3059.4,7.3,20594,67702,1.47,9,273,58,46,29680,0,98,376,604,28826,4976,5.793006431,0.172621939,33802
201.7,3060.9,7.31,20282,67561,1.45,47,341,94,66,29963,0,135,524,596,27997,5002,5.597161136,0.178661999,32999
201.8,3062.3,7.31,19788,66378,1.52,77,337,170,82,28384,0,163,640,539,28242,5272,5.356980273,0.186672332,33514
201.9,3063.8,7.29,21315,70762,1.54,24,315,96,42,30533,0,35,414,589,30663,5349,5.73247336,0.174444771,36012
202,3065.1,7.27,21469,71471,1.49,37,269,41,38,30020,0,72,400,610,31635,5641,5.608048218,0.178315157,37276
202.1,3066.8,7.26,22586,78392,1.41,8,286,57,43,36447,0,114,472,605,31820,5570,5.712746858,0.17504714,37390
202.2,3068.3,7.25,23119,78874,1.63,16,262,44,42,36606,0,66,369,525,32604,5617,5.804521987,0.172279475,38221
202.3,3069.8,7.26,22945,78961,1.48,15,378,62,39,37786,0,6,345,533,31538,5359,5.885053182,0.169921999,36897
202.4,3071.1,7.27,22209,75868,1.49,20,345,56,40,35201,5,58,365,452,31262,5520,5.663405797,0.176572196,36782
202.5,3072.5,7.27,22844,77230,1.46,8,409,64,42,34937,0,73,373,628,32121,5628,5.707356077,0.175212478,37749
202.6,3074,7.26,22711,77616,1.56,33,483,55,58,35855,16,0,303,671,31404,5419,5.79516516,0.172557636,36823
202.7,3075.4,7.24,21348,71352,1.44,26,430,72,28,30976,7,18,377,565,30650,5490,5.58287796,0.179119086,36140
202.8,3076.7,7.23,21657,72452,1.41,47,481,86,50,31631,25,0,400,605,30894,5170,5.975628627,0.16734641,36064
202.9,3078.2,7.23,20016,65779,1.44,20,306,93,30,27047,0,50,276,490,29598,5134,5.765095442,0.173457666,34732
203,3079.6,7.23,21474,69546,1.51,9,270,60,23,27762,0,14,398,670,32174,5628,5.716773276,0.174923852,37802
203.1,3081.1,7.24,22834,77510,1.54,25,264,41,51,35254,0,0,324,546,32459,5537,5.862199747,0.17058443,37996
203.2,3082.5,7.26,23402,84057,1.5,11,381,44,28,41555,47,0,417,630,32129,5541,5.798411839,0.172461017,37670
203.3,3083.9,7.27,23191,83062,1.53,51,431,74,45,40011,89,66,419,469,32477,5644,5.754252303,0.173784524,38121
203.4,3085.3,7.28,23003,76930,1.37,36,398,71,50,32936,90,70,368,662,33510,5604,5.979657388,0.167233662,39114
203.5,3086.8,7.28,22610,75057,1.36,21,434,66,27,31698,15,34,353,609,33177,5613,5.910742918,0.16918347,38790
203.6,3088.3,7.28,21596,70075,1.42,33,461,58,38,27535,0,0,418,576,32636,5521,5.911247962,0.169169016,38157
203.7,3090,7.28,21921,69418,1.41,22,417,61,14,25410,0,70,645,836,33294,5633,5.91052725,0.169189644,38927
203.8,3091.5,7.27,23412,78051,1.46,18,425,69,33,33648,0,53,554,701,33821,5679,5.955449903,0.167913427,39500
203.9,3093.1,7.26,23813,77752,1.43,23,552,78,51,32341,0,14,528,591,34823,5573,6.248519648,0.160037906,40396
204,3094.6,7.26,22117,68611,1.4,28,519,97,46,25381,9,30,348,722,33141,5288,6.267208775,0.159560665,38429
204.1,3096.3,7.25,20692,62343,1.41,11,382,53,38,20581,0,37,241,638,32462,5283,6.144614802,0.162744132,37745
204.2,3097.9,7.22,20151,60581,1.47,21,394,32,14,19939,0,56,423,487,31644,5026,6.296060485,0.158829478,36670
204.3,3099.2,7.2,20771,64841,1.4,24,428,81,30,23740,0,10,360,570,31418,5288,5.941376702,0.168311159,36706
204.4,3100.5,7.22,20637,64150,1.34,18,376,52,32,23571,0,181,337,667,31179,5160,6.04244186,0.165496007,36339
204.5,3101.9,7.23,20501,62915,1.52,40,438,54,58,21494,0,70,384,577,31824,5228,6.087222647,0.164278532,37052
204.6,3103.2,7.23,20302,61920,1.32,16,352,38,17,20335,0,33,306,594,32253,5385,5.989415042,0.166961213,37638
204.7,3104.5,7.21,22468,72202,1.55,9,408,57,51,28650,11,66,343,545,33372,5453,6.119933981,0.163400455,38825
204.8,3105.9,7.21,22800,76160,1.46,14,440,66,48,34248,0,16,417,579,31810,5424,5.864675516,0.170512417,37234
204.9,3107.3,7.23,21375,72133,1.46,13,477,47,75,32921,0,42,377,651,29655,4972,5.964400644,0.16766144,34627
205,3108.6,7.26,19081,61949,1.55,26,366,61,27,25121,0,4,275,450,28295,4802,5.892336526,0.169711963,33097
205.1,3109.8,7.27,18790,57124,1.37,19,271,42,17,18834,11,0,350,512,29619,5055,5.859347181,0.170667477,34674
205.2,3111.1,7.28,21215,68001,1.56,8,266,61,40,26827,4,43,323,510,31440,5585,5.629364369,0.177639949,37025
205.3,3112.6,7.3,22409,77012,1.5,12,393,49,30,36493,0,83,397,593,30684,5374,5.709713435,0.175140138,36058
205.4,3114.2,7.31,21141,70181,1.45,41,350,119,49,30746,18,59,361,568,29968,5281,5.674682825,0.176221303,35249
205.5,3115.8,7.33,21391,70907,1.59,19,288,86,74,31305,46,32,401,528,30084,5333,5.641102569,0.17727031,35417
205.6,3117.4,7.34,23101,83262,1.58,15,367,50,21,42320,171,45,337,606,30858,5483,5.627940908,0.177684879,36341
205.7,3118.8,7.34,23227,89463,1.47,22,451,76,60,50220,158,0,342,487,29618,5270,5.620113852,0.177932338,34888
205.8,3120.2,7.34,22253,84292,1.46,14,392,78,47,45812,178,0,372,605,28882,5076,5.689913318,0.175749602,33958
205.9,3121.8,7.34,20949,78111,1.65,10,311,51,24,40372,188,68,246,644,28525,5208,5.477150538,0.182576687,33733
206,3123.2,7.34,21307,77722,1.6,21,313,39,49,37939,259,91,342,600,29864,5501,5.428831122,0.184201714,35365
206.1,3124.6,7.35,22509,80222,1.48,20,395,60,39,39347,209,116,278,440,30860,5583,5.527494179,0.180913804,36443
206.2,3126.3,7.35,23609,88664,1.54,59,421,88,34,47422,341,34,324,642,31056,5314,5.844185171,0.171110252,36370
206.3,3128,7.35,23449,90247,1.52,35,384,88,34,50290,462,136,308,645,30135,5215,5.77852349,0.173054588,35350
206.4,3129.2,7.35,22485,85272,1.59,18,326,75,38,45459,386,86,397,623,30096,5531,5.441330682,0.183778575,35627
206.5,3130.7,7.35,22122,80436,1.44,55,343,35,65,39137,290,104,357,550,31429,5527,5.686448344,0.175856693,36956
206.6,3132.1,7.37,22060,74882,1.41,8,275,54,48,31684,236,66,180,614,33611,5674,5.923686993,0.168813781,39285
206.7,3133.7,7.39,23719,80707,1.43,25,320,54,29,35606,308,12,395,614,34448,5793,5.94648714,0.168166512,40241
206.8,3135.2,7.41,24442,89161,1.53,7,373,72,33,44267,323,68,280,748,34332,5854,5.864707892,0.170511476,40186
206.9,3136.6,7.44,23858,85868,1.62,20,361,73,45,41611,423,31,283,657,33897,5635,6.015439219,0.1662389,39532
207,3138.1,7.44,23339,81069,1.46,75,434,121,92,35799,473,68,409,636,34300,5874,5.839291794,0.171253644,40174
207.1,3139.8,7.43,23474,77577,1.49,9,245,58,38,31902,438,76,283,755,35234,5667,6.217398977,0.160838962,40901
207.2,3141.3,7.43,23871,77634,1.42,33,229,50,58,30645,397,0,310,691,36448,5874,6.204971059,0.161161106,42322
207.3,3142.6,7.43,23959,76848,1.54,3,228,54,53,29294,583,5,263,663,36808,5940,6.196632997,0.161377961,42748
207.4,3144.2,7.44,23931,76206,1.42,26,278,83,57,28643,622,112,281,733,36537,5928,6.163461538,0.16224649,42465
207.5,3145.5,7.44,23383,72514,1.38,16,236,31,38,25707,544,0,251,604,36450,5842,6.239301609,0.160274348,42292
207.6,3147.1,7.43,23124,70843,1.38,4,253,45,44,24411,349,12,244,628,36198,5884,6.151937458,0.162550417,42082
207.7,3148.4,7.42,23031,71064,1.39,37,263,57,45,24392,511,40,291,620,35981,5859,6.141150367,0.162835941,41840
207.8,3150,7.43,23218,72853,1.4,32,297,70,19,26502,582,0,342,697,35820,5947,6.023204977,0.166024567,41767
207.9,3151.5,7.42,23131,70498,1.37,12,297,64,41,24438,349,93,297,676,36127,5696,6.342521067,0.157666012,41823
208,3152.9,7.42,22927,69968,1.42,16,272,66,75,23233,312,14,302,735,36383,5979,6.085131293,0.164334992,42362
208.1,3154.4,7.43,23763,76773,1.34,102,442,210,152,29516,365,27,352,751,36250,6002,6.039653449,0.165572414,42252
208.2,3155.9,7.44,23626,76700,1.38,12,279,48,46,29040,511,35,259,810,36620,6112,5.991492147,0.166903332,42732
208.3,3157.4,7.44,24238,79377,1.42,35,296,108,108,32261,515,52,319,822,36290,5910,6.140439932,0.162854781,42200
208.4,3158.9,7.43,24449,79869,1.4,26,375,127,102,31837,696,32,333,767,36668,5933,6.180347211,0.161803207,42601
208.5,3160.5,7.43,23881,75001,1.47,22,287,65,73,27936,667,0,254,746,36076,5892,6.122878479,0.163321876,41968
208.6,3162,7.43,23444,72374,1.39,9,311,69,36,25791,674,50,131,703,36088,5932,6.083614295,0.16437597,42020
208.7,3163.5,7.43,23849,74115,1.42,22,318,47,90,26760,800,52,234,676,36597,5828,6.279512697,0.159248026,42425
208.8,3165,7.42,24163,75143,1.42,3,276,42,42,26768,905,95,260,694,37256,5759,6.469178677,0.154579128,43015
208.9,3166.5,7.4,23550,70938,1.41,0,272,54,35,23522,706,23,224,710,36760,5947,6.181267866,0.161779108,42707
209,3168,7.4,22832,66976,1.45,9,200,34,23,19781,471,60,292,714,37066,5980,6.198327759,0.161333837,43046
209.1,3169.5,7.4,23356,68376,1.4,0,149,35,62,19604,486,0,416,784,38205,6104,6.259010485,0.159769664,44309
209.2,3171,7.42,23576,69295,1.45,15,208,45,32,20884,563,0,253,709,37979,5938,6.395924554,0.156349562,43917
209.3,3172.5,7.43,22817,64426,1.41,20,187,22,42,16816,478,17,367,705,37408,5817,6.430806258,0.155501497,43225
209.4,3173.8,7.45,22481,63651,1.46,0,167,30,30,16956,437,88,178,691,36786,5775,6.36987013,0.156989072,42561
209.5,3175.3,7.45,22913,66616,1.44,5,173,42,20,18864,493,0,304,762,37199,5870,6.33713799,0.157799941,43069
209.6,3176.8,7.43,22294,66688,1.3,3,217,48,49,20499,516,54,257,723,36087,5841,6.178222907,0.161858841,41928
209.7,3178.3,7.43,22224,64987,1.36,19,235,50,56,17629,464,155,313,684,36933,5819,6.346966833,0.157555574,42752
209.8,3179.9,7.43,24142,73229,1.46,14,415,68,69,24794,612,13,354,783,37596,5983,6.283804112,0.15913927,43579
209.9,3181.4,7.43,23523,69008,1.41,20,329,58,24,22541,513,28,305,677,36345,5684,6.394264602,0.15639015,42029
210,3183,7.43,22841,69101,1.43,23,299,48,57,24443,499,108,267,549,34865,5544,6.288780664,0.159013337,40409
210.1,3184.6,7.39,21772,65406,1.42,26,344,59,51,21774,538,0,261,626,34057,5456,6.242118768,0.160202014,39513
210.2,3186,7.36,21484,64490,1.44,14,285,60,21,20197,681,35,390,719,33899,5801,5.843647647,0.171125992,39700
210.3,3187.5,7.35,21900,64468,1.45,13,240,13,38,19260,724,151,630,699,34434,5858,5.878115398,0.170122553,40292
210.4,3189.3,7.37,23848,71542,1.38,26,287,34,58,23700,689,56,465,750,36850,5944,6.199528937,0.161302578,42794
210.5,3190.9,7.4,23609,69054,1.38,19,230,42,16,21010,569,18,275,748,37555,5951,6.310704083,0.158460924,43506
210.6,3192.4,7.43,23176,67141,1.48,13,272,30,37,19848,465,0,341,601,37076,5763,6.433454798,0.15543748,42839
210.7,3194,7.43,22893,65662,1.55,14,228,53,30,18469,385,71,349,607,37061,5966,6.212034864,0.160977847,43027
210.8,3195.5,7.44,23386,68371,1.55,17,256,52,43,20531,449,28,321,720,37232,5942,6.265903736,0.159593898,43174
210.9,3196.9,7.44,23640,70198,1.38,16,241,35,28,22367,486,80,357,770,36776,6033,6.095806398,0.164047205,42809
211,3198.4,7.43,23997,70458,1.41,5,254,35,25,21659,549,66,375,706,37757,5948,6.347848016,0.157533702,43705
211.1,3200,7.43,22826,66085,1.51,11,286,37,37,19742,533,24,264,664,36070,5855,6.160546541,0.16232326,41925
211.2,3201.6,7.42,22728,65550,1.34,22,279,52,46,19497,669,0,204,667,35859,5580,6.426344086,0.15560947,41439
211.3,3203,7.42,22935,66133,1.4,19,298,52,44,19515,634,22,244,739,36197,5797,6.244091772,0.160151394,41994
211.4,3204.6,7.41,22985,65773,1.46,11,244,44,34,18415,731,54,436,590,36654,5865,6.249616368,0.160009822,42519
211.5,3206.1,7.41,23497,69455,1.41,4,222,32,37,21422,722,4,287,587,37287,5935,6.282561078,0.159170757,43222
211.6,3207.6,7.41,23408,67837,1.46,7,263,53,31,20113,696,0,268,631,36902,5963,6.188495724,0.161590158,42865
211.7,3208.9,7.41,22763,65582,1.49,9,226,9,22,18536,719,4,267,685,36472,5939,6.141101195,0.162837245,42411
211.8,3210.6,7.41,22488,62709,1.33,0,174,19,42,14870,585,74,298,711,37185,5938,6.262209498,0.159688046,43123
211.9,3212.2,7.41,22735,63427,1.28,0,124,20,36,14866,500,111,402,722,37956,6173,6.148712133,0.162635683,44129
212,3213.8,7.41,23250,67130,1.39,8,170,36,17,19518,561,53,255,669,37366,6014,6.213169272,0.160948456,43380
212.1,3215.4,7.43,23530,71479,1.36,0,218,33,65,23268,629,17,403,779,37097,6033,6.149013758,0.162627706,43130
212.2,3216.9,7.46,23156,68104,1.37,14,220,15,34,21106,667,90,374,646,36378,5747,6.329911258,0.157980098,42125
212.3,3218.3,7.45,22715,66376,1.5,0,151,40,42,19602,577,14,313,612,36474,5990,6.089148581,0.164226572,42464
212.4,3219.7,7.45,23082,69209,1.44,5,192,26,34,22944,650,16,197,755,36157,5899,6.129343957,0.163149598,42056
212.5,3221.3,7.44,22806,66846,1.35,0,140,14,41,19546,531,49,406,806,36867,5961,6.184700554,0.161689316,42828
212.6,3222.9,7.45,23216,70053,1.41,0,142,21,38,22025,677,27,419,678,37028,6271,5.904640408,0.169358323,43299
212.7,3224.4,7.46,24127,73849,1.45,7,231,51,42,25139,654,0,374,638,37532,6262,5.993612264,0.166844293,43794
212.8,3226,7.46,23879,76105,1.39,7,278,30,20,29316,696,45,282,640,36194,5847,6.190183,0.161546113,42041
212.9,3227.6,7.47,23130,73284,1.46,0,236,28,36,26899,457,11,376,728,36193,5828,6.210192176,0.161025613,42021
213,3229.1,7.47,23019,70011,1.51,0,220,37,25,22985,531,145,413,597,36591,6079,6.019246587,0.166133749,42670
213.1,3230.5,7.47,23979,74965,1.55,15,295,39,45,28032,689,0,339,687,36417,5753,6.330088649,0.157975671,42170
213.2,3232.1,7.47,23210,74717,1.41,8,371,49,28,29270,572,27,402,653,34935,5563,6.279884954,0.159238586,40498
213.3,3233.8,7.48,22385,71504,1.43,20,281,25,45,26849,470,22,382,625,34297,5730,5.985514834,0.167070006,40027
213.4,3235.5,7.48,22983,75388,1.32,15,346,56,49,30872,492,0,262,627,34621,5579,6.2055924,0.16114497,40200
213.5,3237,7.46,22576,74556,1.37,72,369,123,58,30582,372,0,321,638,33813,5539,6.104531504,0.163812735,39352
213.6,3238.5,7.45,22760,75356,1.39,33,341,77,27,31095,395,36,374,677,33959,5571,6.095674026,0.164050767,39530
213.7,3240,7.45,23026,78428,1.51,27,360,42,50,35353,312,0,375,609,33363,5426,6.148728345,0.162635255,38789
213.8,3241.5,7.44,21236,67573,1.49,20,335,42,33,25372,330,14,281,542,32960,5300,6.218867925,0.160800971,38260
213.9,3243.1,7.43,20431,60220,1.37,11,235,26,17,17718,245,22,418,663,33128,5504,6.018895349,0.166143444,38632
214,3244.7,7.43,21231,63479,1.5,10,242,37,20,19993,297,16,278,534,34096,5487,6.21396027,0.160927968,39583
214.1,3246.2,7.45,22839,72661,1.4,3,373,62,56,27835,328,22,248,654,34779,5612,6.19725588,0.161361741,40391
214.2,3247.5,7.47,21234,61913,1.31,24,364,45,38,18017,128,5,297,619,34527,5481,6.29939792,0.15874533,40008
214.3,3248.9,7.49,22120,61320,1.43,18,294,17,49,15239,65,55,304,614,36322,5779,6.285170445,0.159104675,42101
214.4,3250.5,7.49,22430,61357,1.42,0,296,10,42,14016,136,12,331,780,37272,6023,6.188278267,0.161595836,43295
214.5,3252,7.48,21781,61762,1.33,29,316,48,60,15795,173,37,343,754,35673,5879,6.067868685,0.164802512,41552
214.6,3253.7,7.45,22287,66660,1.39,17,282,20,48,20254,154,113,262,796,35729,5809,6.150628335,0.162585015,41538
214.7,3255,7.43,23061,71959,1.57,30,272,79,77,24737,117,85,332,712,36013,6283,5.731816011,0.174464777,42296
214.8,3256.4,7.41,23313,71428,1.4,7,251,45,66,23107,222,37,273,622,36818,6091,6.04465605,0.165435385,42909
214.9,3258.1,7.42,22132,66376,1.44,39,242,51,63,19287,208,93,296,733,35964,5968,6.02613941,0.165943721,41932
215,3259.4,7.44,22153,65127,1.39,25,246,50,67,19349,247,91,347,709,34927,5781,6.041688289,0.165516649,40708
215.1,3261.1,7.48,21952,65421,1.39,13,207,48,69,19956,282,141,385,668,34744,5866,5.922945789,0.168834907,40610
215.2,3262.5,7.49,21758,63731,1.38,16,209,32,56,19481,275,114,312,679,34084,5822,5.854345586,0.170813285,39906
215.3,3264.1,7.51,22195,67457,1.44,3,186,41,34,22640,289,71,338,683,34380,5884,5.84296397,0.171146015,40264
215.4,3265.6,7.52,22386,69418,1.47,23,223,33,67,24735,369,78,330,656,34460,5791,5.95061302,0.168049913,40251
215.5,3267.1,7.53,22321,68274,1.43,14,215,67,38,23620,370,51,433,720,34316,5679,6.042613136,0.165491316,39995
215.6,3268.6,7.53,22260,65288,1.46,10,208,44,54,21001,436,117,339,582,34088,5714,5.965698285,0.167624971,39802
215.7,3270.1,7.54,22136,64511,1.5,0,198,29,34,20033,410,0,332,635,34545,5712,6.047794118,0.165349544,40257
215.8,3271.7,7.52,22439,64231,1.38,12,194,33,41,18321,331,0,380,619,35767,6011,5.950257861,0.168059944,41778
215.9,3273.2,7.52,22761,65835,1.45,7,182,20,29,20338,357,28,314,664,35423,5810,6.096901893,0.164017729,41233
216,3274.6,7.54,22459,64134,1.51,0,172,49,56,18856,192,38,318,590,35403,5784,6.120850622,0.163375985,41187
216.1,3276.2,7.55,22622,65984,1.47,13,199,42,39,20822,200,82,300,699,35031,5793,6.047125842,0.165367817,40824
216.2,3277.8,7.55,22639,65578,1.55,8,145,34,65,20059,217,24,266,648,35510,5905,6.013547841,0.166291186,41415
216.3,3279.4,7.53,22571,65690,1.51,6,145,46,55,20973,279,74,203,659,34980,5758,6.075026051,0.164608348,40738
216.4,3281,7.52,22661,66918,1.62,0,218,53,34,21974,386,49,402,709,35068,5699,6.153360239,0.162512832,40767
216.5,3282.6,7.53,22767,68769,1.41,7,198,44,48,23472,431,0,393,639,35235,5790,6.085492228,0.164325245,41025
216.6,3284.1,7.54,22313,66593,1.41,0,167,33,33,21939,346,0,416,624,34681,5826,5.952797803,0.167988236,40507
216.7,3285.5,7.54,22216,66634,1.41,8,194,46,45,21783,435,99,358,629,34929,5749,6.075665333,0.164591028,40678
216.8,3286.9,7.54,22095,64610,1.36,3,175,30,33,19851,426,13,205,584,35126,5770,6.087694974,0.164265786,40896
216.9,3288.4,7.54,21975,62702,1.36,7,165,26,71,16981,311,117,336,620,35693,6022,5.927100631,0.168716555,41715
217,3289.8,7.55,22318,64312,1.36,24,206,24,63,18572,429,19,302,651,35769,5778,6.190550363,0.161536526,41547
217.1,3291.3,7.54,22123,65198,1.39,21,220,45,58,19490,390,86,436,636,35478,5918,5.99493072,0.166807599,41396
217.2,3292.9,7.55,22980,73632,1.48,25,227,104,81,27292,435,0,348,843,35573,5824,6.108001374,0.163719675,41397
217.3,3294.4,7.54,23025,72547,1.5,3,235,47,49,25812,308,127,488,744,36192,5882,6.153009181,0.162522104,42074
217.4,3295.9,7.52,23464,72319,1.5,5,221,41,79,24253,401,29,495,718,37214,6024,6.177622842,0.161874563,43238
217.5,3297.3,7.51,22949,67148,1.43,0,140,16,40,19069,348,10,290,806,37778,6067,6.226800725,0.160596114,43845
217.6,3298.8,7.49,23343,69912,1.32,18,169,32,85,21501,420,51,425,758,37610,6196,6.07004519,0.164743419,43806
217.7,3300.3,7.5,23241,68609,1.51,5,193,58,41,20401,447,49,521,704,37572,5879,6.390882803,0.156472905,43451
217.8,3301.8,7.49,23298,68601,1.36,30,267,42,71,20681,545,46,360,729,37193,5675,6.553832599,0.152582475,42868
217.9,3303.2,7.49,22096,63650,1.39,13,221,33,36,16003,538,7,372,647,37055,6055,6.119735756,0.163405748,43110
218,3304.8,7.48,23066,66977,1.46,22,296,75,48,18766,537,44,369,749,37715,5877,6.417389825,0.155826594,43592
218.1,3306.1,7.47,23326,67506,1.29,19,284,48,36,18370,572,0,362,682,38082,6057,6.287270926,0.15905152,44139
218.2,3307.7,7.46,23759,68875,1.48,11,339,61,66,19573,642,7,443,782,38088,6161,6.182113293,0.161756984,44249
218.3,3309.2,7.45,22906,66301,1.46,20,315,66,53,17982,557,0,333,805,37112,5942,6.245708516,0.160109937,43054
218.4,3310.9,7.44,22813,66974,1.4,36,333,25,20,18732,615,29,468,741,36813,6116,6.01913015,0.166136962,42929
218.5,3312.4,7.42,22793,67173,1.42,22,423,29,26,19668,539,44,443,784,36524,5853,6.240218691,0.160250794,42377
218.6,3313.8,7.42,21528,59966,1.26,9,213,32,30,12575,477,27,334,799,37028,5977,6.195081144,0.161418386,43005
218.7,3315.2,7.42,23144,65454,1.34,5,234,34,43,16407,571,25,430,718,38038,6036,6.301855533,0.158683422,44074
218.8,3316.7,7.44,23559,68559,1.54,3,254,54,54,19934,588,54,296,625,37661,6103,6.170899558,0.162050928,43764
218.9,3318.2,7.45,23553,68110,1.37,3,291,48,51,19527,539,47,448,565,37791,6013,6.284882754,0.159111958,43804
219,3319.6,7.45,23325,66545,1.51,13,300,49,27,18842,469,0,389,538,37383,5872,6.366314714,0.157076746,43255
219.1,3321.2,7.44,23429,69078,1.36,16,362,42,49,20297,581,40,318,691,37492,5994,6.254921588,0.159874106,43486
219.2,3322.6,7.42,22969,67734,1.35,3,304,35,46,18742,572,22,371,805,38015,5921,6.420368181,0.155754308,43936
219.3,3324.1,7.41,22918,66347,1.4,28,288,43,48,17504,432,35,386,724,37932,5968,6.355898123,0.157334177,43900
219.4,3325.5,7.4,23551,68392,1.43,33,294,54,91,17888,487,34,356,862,38809,5978,6.491970559,0.154036435,44787
219.5,3327.1,7.39,24318,71897,1.44,4,318,55,33,22183,538,60,448,621,38300,6044,6.336863005,0.157806789,44344
219.6,3328.5,7.39,23692,68718,1.43,37,416,64,51,19080,581,35,386,806,37959,6053,6.271105237,0.159461524,44012
219.7,3329.9,7.38,22209,61649,1.45,25,340,74,43,14090,496,47,324,793,36900,5781,6.382978723,0.156666667,42681
219.8,3331.3,7.37,22536,63922,1.36,9,326,32,45,15469,459,111,344,765,37494,5945,6.306812447,0.158558703,43439
219.9,3332.7,7.37,23236,66213,1.36,14,250,51,65,16840,456,48,304,724,38481,6017,6.395379757,0.15636288,44498
220,3334.2,7.38,23751,66374,1.41,8,263,55,45,15761,512,33,313,723,39101,6360,6.147955975,0.162655687,45461
220.1,3335.8,7.4,23473,65511,1.43,5,256,18,33,15318,596,4,368,796,39021,6072,6.426383399,0.155608518,45093
220.2,3337.3,7.41,23727,66441,1.34,26,299,30,60,15974,649,16,372,694,38888,6075,6.401316872,0.156217856,44963
220.3,3339,7.41,23961,67683,1.45,36,420,38,75,17597,617,8,348,720,38794,5987,6.47970603,0.154327989,44781
220.4,3340.5,7.41,22284,62047,1.23,0,321,26,46,13912,589,30,298,797,37235,5929,6.280148423,0.159231905,43164
220.5,3342.1,7.39,22477,62522,1.37,7,311,33,32,13630,566,68,388,874,37750,6147,6.141207093,0.162834437,43897
220.6,3343.6,7.38,22935,61908,1.39,5,236,18,41,12456,517,22,404,758,38516,6145,6.267860049,0.159544086,44661
220.7,3345,7.37,23466,64424,1.36,9,266,52,44,14226,469,20,392,829,39054,6161,6.338906022,0.157755928,45215
220.8,3346.5,7.39,23171,62679,1.45,21,262,18,24,13795,512,0,418,761,38266,5871,6.517799353,0.153426018,44137
220.9,3347.9,7.39,23018,63016,1.31,7,237,35,35,13597,621,95,352,740,38495,5792,6.646236188,0.150461099,44287
221,3349.6,7.38,23184,64832,1.37,10,276,48,26,14378,613,0,441,902,38982,6033,6.461461959,0.154763737,45015
221.1,3351,7.37,23253,63540,1.41,16,251,30,40,13151,583,8,327,880,39095,6042,6.470539556,0.154546617,45137
221.2,3352.5,7.37,23398,64488,1.36,39,323,47,49,13872,675,5,596,690,38792,6085,6.375020542,0.15686224,44877
221.3,3354,7.37,22934,62449,1.3,18,329,36,49,12807,622,0,284,695,38555,5908,6.525897089,0.153235637,44463
221.4,3355.4,7.37,22133,60489,1.33,9,280,33,49,12435,668,79,405,743,37323,5721,6.523859465,0.153283498,43044
221.5,3356.8,7.35,21624,58613,1.44,9,227,36,12,11137,659,62,346,722,37073,5692,6.513176388,0.153534918,42765
221.6,3358.3,7.31,22705,61408,1.43,11,249,43,33,11327,921,52,262,768,38971,6014,6.480046558,0.154319879,44985
221.7,3359.6,7.28,23148,62343,1.37,12,209,44,30,11610,816,3,380,843,39493,6006,6.575591076,0.152077583,45499
221.8,3361,7.28,22767,61802,1.4,37,269,63,25,12898,753,67,438,842,37579,5815,6.462424764,0.15474068,43394
221.9,3362.6,7.3,22039,57940,1.38,14,265,31,43,10677,674,11,304,780,36566,5819,6.283897577,0.159136903,42385
222,3364,7.32,21537,57659,1.31,14,230,30,66,10407,659,6,458,763,36496,5766,6.329517863,0.157989917,42262
222.1,3365.6,7.32,22101,58909,1.39,15,248,36,49,11272,644,5,355,647,37223,5693,6.538380467,0.152943073,42916
222.2,3367,7.33,22270,58623,1.38,0,224,37,47,10118,538,27,285,817,37635,5843,6.441040561,0.155254417,43478
222.3,3368.5,7.34,21606,57281,1.36,0,230,40,30,9244,447,58,454,730,37316,5793,6.441567409,0.155241719,43109
222.4,3369.8,7.34,21540,56004,1.45,8,212,26,30,9142,282,64,276,730,36936,5731,6.444948526,0.155160277,42667
222.5,3371.3,7.33,21924,57592,1.36,14,213,17,20,8977,189,26,360,909,38131,6219,6.131371603,0.163095644,44350
222.6,3372.7,7.33,22612,60715,1.38,0,216,27,43,10250,392,36,369,804,39333,6175,6.369716599,0.156992856,45508
222.7,3374.2,7.34,22950,62299,1.45,5,282,48,38,11752,293,62,355,775,39639,6207,6.386176897,0.156588209,45846
222.8,3375.7,7.37,22681,60691,1.42,3,255,35,18,10873,266,4,392,766,39314,6183,6.35840207,0.157272219,45497
222.9,3377.1,7.39,22577,59962,1.39,10,238,37,29,9892,243,109,364,839,39181,6055,6.470850537,0.15453919,45236
223,3378.9,7.39,22407,59992,1.53,19,217,47,51,9822,372,68,322,820,38829,6247,6.215623499,0.160884906,45076
223.1,3380.2,7.39,22974,62810,1.47,2,225,62,56,11522,458,54,309,767,39986,6340,6.306940063,0.158555494,46326
223.2,3381.6,7.39,23117,64214,1.4,8,272,54,32,13569,429,6,395,832,39717,6143,6.465407781,0.154669285,45860
223.3,3383.1,7.39,23048,62083,1.42,12,293,52,54,11462,391,118,483,706,39592,6072,6.520421607,0.153364316,45664
223.4,3384.8,7.4,22597,61264,1.36,24,269,51,41,11622,266,0,400,780,38824,6227,6.234784005,0.16039048,45051
223.5,3386.3,7.41,22093,59448,1.33,4,287,25,41,10454,235,0,343,696,38497,5890,6.535993209,0.152998935,44387
223.6,3388.1,7.37,22842,60937,1.36,17,325,70,33,11931,86,13,302,687,38639,5987,6.453816603,0.154947074,44626
223.7,3389.6,7.35,22646,60975,1.49,21,338,67,18,12560,45,61,402,653,38309,5840,6.559760274,0.152444595,44149
223.8,3391,7.33,22653,60333,1.38,24,278,40,54,11151,47,77,384,692,38793,5910,6.563959391,0.152347073,44703
223.9,3392.4,7.31,23124,62663,1.31,25,292,22,38,12607,48,63,442,834,39371,5907,6.665143051,0.150034289,45278
224,3394,7.29,23288,61601,1.38,6,273,33,33,11721,72,0,317,864,39438,6185,6.376394503,0.15682844,45623
224.1,3395.7,7.28,23202,62444,1.44,10,270,36,50,12659,32,0,486,772,39189,5840,6.710445205,0.149021409,45029
224.2,3397.1,7.28,22970,61549,1.44,21,241,27,28,12111,0,86,389,813,39092,5987,6.529480541,0.15315154,45079
224.3,3398.6,7.29,22882,61311,1.46,4,275,42,57,12969,0,7,375,806,37993,5896,6.443860244,0.155186482,43889
224.4,3400,7.28,23332,62797,1.4,21,263,59,47,13763,0,41,282,702,38655,5880,6.573979592,0.152114862,44535
224.5,3401.5,7.27,22972,63352,1.34,10,360,36,60,14367,9,33,388,736,38331,5970,6.420603015,0.155748611,44301
224.6,3403,7.25,22526,63987,1.38,3,401,61,61,16137,8,90,344,668,37541,5736,6.544804742,0.152792946,43277
224.7,3404.5,7.23,23134,64691,1.37,24,359,70,55,15589,7,0,435,767,38478,6021,6.390632785,0.156479027,44499
224.8,3406.1,7.23,23618,66082,1.36,31,507,48,47,16040,0,116,496,749,38815,6172,6.288885288,0.159010692,44987
224.9,3407.8,7.24,22386,61268,1.28,14,459,61,36,12992,0,0,543,687,37759,5846,6.458946288,0.154824015,43605
225,3409.4,7.22,22527,62182,1.45,18,415,38,39,13683,0,65,462,729,38042,5799,6.560096568,0.15243678,43841
225.1,3410.9,7.18,23062,64201,1.43,10,437,55,42,15415,14,88,416,779,38018,5848,6.501025992,0.153821874,43866
225.2,3412.3,7.16,22584,62798,1.39,30,487,52,73,15585,7,86,485,694,36935,5546,6.659754778,0.150155679,42481
225.3,3413.6,7.16,21844,61614,1.33,67,423,96,32,14977,10,103,392,800,36203,5711,6.339170023,0.157749358,41914
225.4,3415,7.16,22474,61140,1.51,12,409,44,30,13333,9,56,438,708,37337,5941,6.284632217,0.159118301,43278
225.5,3416.5,7.14,23251,63893,1.39,27,439,41,36,14499,0,0,445,752,38687,6103,6.3390136,0.15775325,44790
225.6,3417.9,7.15,22259,61388,1.34,73,523,83,50,13659,0,0,469,680,36959,5868,6.298398091,0.15877053,42827
225.7,3419.5,7.16,22078,63161,1.41,13,391,49,38,15969,0,28,498,699,36626,5833,6.279101663,0.15925845,42459
225.8,3421.1,7.16,22342,62919,1.49,18,405,39,57,16075,0,0,380,787,36297,5934,6.116784631,0.163484586,42231
225.9,3422.6,7.17,22296,61761,1.34,14,374,63,32,14155,0,148,503,689,37215,5641,6.597234533,0.151578665,42856
226,3424.2,7.17,21896,60314,1.36,16,370,39,43,13096,0,34,393,658,36690,6115,6,0.166666667,42805
226.1,3425.7,7.16,21884,59281,1.25,18,373,36,38,12276,71,85,447,646,36655,5901,6.211659041,0.160987587,42556
226.2,3427.2,7.18,22064,60790,1.33,18,319,41,36,12377,41,91,457,829,37605,6039,6.227024342,0.160590347,43644
226.3,3428.4,7.19,22355,61511,1.44,13,355,31,39,12942,17,27,456,688,37766,6100,6.191147541,0.161520945,43866
226.4,3429.7,7.2,22890,63616,1.23,10,302,29,52,14141,87,133,479,770,38165,6210,6.145732689,0.162714529,44375
226.5,3431.4,7.2,22201,62157,1.35,4,336,34,38,14583,47,0,397,756,36824,6013,6.124064527,0.163290245,42837
226.6,3432.9,7.2,21655,59775,1.36,7,262,45,38,12686,83,60,499,678,36800,6065,6.067600989,0.164809783,42865
226.7,3434.3,7.21,22789,64293,1.3,36,340,40,62,16320,103,55,445,669,36835,6028,6.110650299,0.163648704,42863
226.8,3435.9,7.21,22117,63745,1.46,15,353,55,24,16581,57,0,553,639,36539,5844,6.252395619,0.159938696,42383
226.9,3437.4,7.23,21682,61945,1.41,15,294,32,19,15767,92,0,360,564,36124,5935,6.086604886,0.164295205,42059
227,3438.8,7.26,22309,63199,1.39,17,273,25,17,16063,213,66,335,863,36780,5819,6.320673655,0.158210984,42599
227.1,3440.3,7.28,22596,66606,1.43,16,308,46,46,19847,220,34,339,736,35998,5906,6.095157467,0.16406467,41904
227.2,3441.8,7.28,21611,61915,1.37,13,246,20,35,15457,153,27,254,699,36213,5977,6.058725113,0.165051225,42190
227.3,3443.3,7.28,22147,61448,1.45,7,240,51,30,13682,139,39,447,843,37197,5936,6.26634097,0.159582762,43133
227.4,3444.8,7.29,22639,64071,1.39,7,239,39,42,16646,90,0,332,793,37211,5942,6.262369573,0.159683964,43153
227.5,3446.4,7.31,22045,63136,1.39,21,205,40,11,16193,107,78,309,675,36642,5918,6.19161879,0.161508651,42560
227.6,3447.6,7.32,22271,62365,1.4,16,215,106,35,15985,69,56,349,691,36113,5830,6.194339623,0.161437709,41943
227.7,3449.2,7.31,21972,60503,1.51,13,234,48,63,14549,68,0,351,675,35926,5756,6.241487144,0.160218226,41682
227.8,3450.8,7.32,22358,63329,1.34,23,255,48,41,16981,13,65,394,691,36240,5925,6.116455696,0.163493377,42165
227.9,3452.2,7.32,22097,63052,1.37,12,238,30,66,17338,59,0,301,779,35716,5822,6.134661628,0.163008176,41538
228,3453.6,7.32,22713,64653,1.44,11,243,22,41,18572,94,77,252,710,36276,5689,6.376516084,0.156825449,41965
228.1,3455.1,7.32,22779,64816,1.44,22,302,34,45,18042,96,0,368,706,36542,5863,6.232645403,0.160445515,42405
228.2,3456.6,7.32,22608,65567,1.36,15,276,28,39,19012,96,64,368,811,36193,5730,6.316404887,0.158317907,41923
228.3,3457.9,7.31,22131,64264,1.37,17,247,63,35,18720,76,0,350,600,35670,5642,6.322226161,0.158172133,41312
228.4,3459.5,7.32,22561,64978,1.43,10,234,45,46,18736,181,83,398,705,36059,5814,6.202098383,0.161235753,41873
228.5,3460.8,7.32,21653,61400,1.45,17,207,51,52,16115,39,0,312,621,35445,5771,6.141916479,0.16281563,41216
228.6,3462.3,7.31,22134,63407,1.48,21,228,28,31,17664,66,0,372,596,35942,5776,6.222645429,0.160703355,41718
228.7,3463.9,7.31,22726,66247,1.44,19,219,26,60,19554,38,32,454,683,36449,6001,6.07382103,0.164641005,42450
228.8,3465.5,7.32,22743,66656,1.41,7,271,65,56,20031,22,19,342,782,36277,5902,6.146560488,0.162692615,42179
228.9,3466.8,7.33,22645,67103,1.4,13,346,40,47,21069,19,32,392,770,35827,5792,6.185600829,0.161665783,41619
229,3468.2,7.33,21706,63169,1.39,19,285,45,40,18307,40,0,356,779,34758,5699,6.098964731,0.163962253,40457
229.1,3469.5,7.3,22423,67627,1.41,10,297,33,33,22264,11,0,379,615,35100,5851,5.998974534,0.166695157,40951
229.2,3471.1,7.27,22531,67682,1.42,12,260,42,36,21910,43,19,456,755,35430,5893,6.012217886,0.166327971,41323
229.3,3472.4,7.26,22642,66819,1.35,10,293,68,67,19918,62,3,354,775,36384,5843,6.226938217,0.160592568,42227
229.4,3473.8,7.27,22463,66032,1.44,16,267,40,42,19962,0,59,440,696,35892,5735,6.258413252,0.15978491,41627
229.5,3475.4,7.28,22514,66351,1.32,15,304,49,76,19994,23,40,413,872,36027,5750,6.265565217,0.15960252,41777
229.6,3476.8,7.29,22637,66204,1.48,14,226,56,48,19419,0,0,433,747,36485,5828,6.260295127,0.159736878,42313
229.7,3478,7.29,22865,66253,1.34,14,219,21,47,19553,0,0,375,728,36572,5879,6.220785848,0.160751395,42451
229.8,3479.3,7.28,23100,67807,1.45,12,236,30,52,21020,17,31,321,728,36856,5893,6.254199898,0.159892555,42749
229.9,3480.8,7.28,23359,68571,1.48,7,275,46,20,22262,0,15,287,555,36435,5890,6.185908319,0.161657747,42325
230,3482.2,7.27,23106,69701,1.4,0,343,51,52,23349,0,0,264,694,36438,5848,6.230848153,0.160491794,42286
230.1,3483.7,7.27,23149,70506,1.32,12,272,51,44,23802,0,53,347,650,36418,5901,6.171496357,0.162035257,42319
230.2,3485.3,7.25,23541,70737,1.45,2,296,34,39,22772,0,13,424,745,37201,6046,6.152993715,0.162522513,43247
230.3,3486.6,7.24,23430,71195,1.43,32,335,39,47,23031,47,11,434,769,37123,6071,6.114808104,0.16353743,43194
230.4,3488,7.23,23231,69374,1.4,24,350,46,48,21389,45,16,365,799,37072,6040,6.137748344,0.162926198,43112
230.5,3489.5,7.22,23215,69425,1.48,19,274,59,26,21767,37,20,382,832,37261,5873,6.344457688,0.157617885,43134
230.6,3490.9,7.21,22908,66464,1.44,17,300,34,34,19171,10,20,359,705,37026,5813,6.369516601,0.156997785,42839
230.7,3492.3,7.2,23434,69760,1.34,19,316,44,71,21461,100,8,339,905,37406,5926,6.312183598,0.158423782,43332
230.8,3493.8,7.18,23704,70915,1.36,16,351,50,32,21616,41,19,338,819,38225,6205,6.160354553,0.162328319,44430
230.9,3495.3,7.18,23395,68413,1.52,9,307,38,18,18177,13,5,348,867,39153,6354,6.161945231,0.162286415,45507
231,3496.6,7.17,23854,69688,1.55,30,337,49,43,20489,21,0,382,789,38446,6042,6.363124793,0.157155491,44488
231.1,3498,7.17,23776,70956,1.33,7,315,33,47,21783,12,49,439,779,38699,5930,6.525969646,0.153233934,44629
231.2,3499.6,7.17,23770,68964,1.41,40,338,37,21,18565,12,47,370,759,39298,6247,6.290699536,0.158964833,45545
231.3,3501.1,7.16,23539,65329,1.38,22,281,29,59,13909,11,106,425,763,40505,6240,6.491185897,0.154055055,46745
231.4,3502.7,7.14,23836,65851,1.44,6,506,51,57,13974,27,56,539,847,40546,6230,6.508186196,0.153652641,46776
231.5,3504.2,7.14,23901,64107,1.3,5,367,33,41,12663,26,16,462,783,40597,6049,6.711357249,0.149001158,46646
231.6,3505.5,7.14,23469,63550,1.35,22,394,51,46,12299,14,11,552,780,39643,6175,6.419919028,0.155765204,45818
231.7,3507,7.13,22726,58557,1.4,25,402,61,21,9024,0,41,468,687,38509,5998,6.420306769,0.155755797,44507
231.8,3508.4,7.11,21882,57254,1.34,19,408,30,39,9530,80,13,519,712,36888,5907,6.244794312,0.160133377,42795
231.9,3509.9,7.11,22365,61006,1.4,29,431,60,33,12722,156,50,354,829,37028,6025,6.145726141,0.162714702,43053
232,3511.4,7.11,21892,62457,1.34,36,442,52,53,16453,0,44,498,656,35455,5788,6.125604699,0.163249189,41243
232.1,3512.8,7.11,21056,61411,1.44,18,337,47,19,16373,37,0,326,697,34590,5919,5.843892549,0.17111882,40509
232.2,3514.4,7.11,22062,65678,1.36,15,309,55,44,19903,167,9,317,638,35334,5763,6.131181676,0.163100696,41097
232.3,3515.7,7.1,22968,69614,1.41,14,280,34,41,22320,100,24,425,697,36277,5892,6.156992532,0.162416958,42169
232.4,3517.1,7.11,22632,69651,1.5,15,294,67,68,23021,149,42,349,850,35643,5901,6.040162684,0.165558455,41544
232.5,3518.6,7.13,22803,71265,1.4,22,327,97,44,25756,135,0,385,712,35093,5756,6.096768589,0.164021315,40849
232.6,3520,7.12,22767,69165,1.55,72,356,141,56,23949,123,34,358,717,34896,5650,6.176283186,0.161909674,40546
232.7,3521.4,7.1,22984,69325,1.45,33,330,46,42,23310,50,0,318,619,35850,5759,6.225039069,0.160641562,41609
232.8,3522.7,7.1,23171,71328,1.34,14,321,77,48,25373,82,0,294,740,35302,5905,5.978323455,0.167270976,41207
232.9,3524.2,7.11,22997,69077,1.48,18,334,46,39,23855,84,0,336,644,35083,5743,6.108828139,0.163697517,40826
233,3525.7,7.11,21998,65445,1.4,11,278,33,40,21007,97,11,369,647,34583,5612,6.16233072,0.162276263,40195
233.1,3527,7.12,21802,63242,1.35,5,256,24,18,18646,82,55,369,640,34826,5614,6.203420021,0.161201401,40440
233.2,3528.4,7.13,22685,67356,1.5,7,282,42,54,22228,97,56,403,538,35101,5814,6.037323701,0.165636307,40915
233.3,3529.8,7.16,22361,65589,1.48,5,256,33,45,20255,97,145,378,632,35303,5638,6.261617595,0.159703141,40941
233.4,3531.2,7.17,22238,65690,1.4,12,277,33,46,21507,45,88,363,712,34506,5641,6.117000532,0.163478815,40147
233.5,3532.7,7.18,21549,62605,1.4,10,253,42,35,19116,76,0,402,728,34207,5440,6.288051471,0.159031777,39647
233.6,3534.1,7.19,22236,67274,1.56,8,375,43,61,23155,96,0,319,613,34628,5476,6.323593864,0.158137923,40104
233.7,3535.7,7.19,22109,67461,1.44,9,294,43,47,22989,127,0,429,661,34667,5696,6.086200843,0.164306112,40363
233.8,3537.1,7.2,21731,66014,1.4,7,250,30,48,21871,101,39,280,649,34515,5629,6.131639723,0.163088512,40144
233.9,3538.5,7.22,22021,65375,1.41,0,240,29,34,20795,101,9,388,812,34850,5464,6.378111274,0.156786227,40314
234,3540,7.24,21901,65655,1.53,7,304,14,52,22289,104,9,327,622,34057,5395,6.312696942,0.158410899,39452
234.1,3541.5,7.25,21079,61888,1.36,0,199,26,37,19015,90,48,325,659,33683,5455,6.174702108,0.161951133,39138
234.2,3543,7.25,21583,64732,1.41,0,253,57,32,21787,42,63,351,696,33186,5559,5.969778737,0.167510396,38745
234.3,3544.3,7.23,21299,64026,1.5,0,234,19,39,21478,74,65,511,613,32965,5469,6.027610166,0.165903231,38434
234.4,3545.6,7.24,21284,63513,1.45,10,243,32,42,21196,43,76,384,709,32726,5453,6.001467082,0.166625924,38179
234.5,3547.3,7.25,21309,64926,1.39,7,263,40,46,22219,42,38,469,637,32981,5648,5.839412181,0.171250114,38629
234.6,3548.8,7.27,21335,64506,1.43,0,259,37,38,20901,85,12,301,792,33991,5533,6.143321887,0.162778383,39524
234.7,3550.2,7.27,21154,63436,1.37,0,247,21,42,20433,68,69,433,624,33656,5431,6.197017124,0.161367958,39087
234.8,3551.5,7.27,20923,63394,1.49,5,299,58,28,20955,89,10,397,673,33118,5190,6.381117534,0.156712362,38308
234.9,3552.8,7.27,20971,62957,1.32,20,305,31,36,20425,43,26,268,626,33312,5420,6.146125461,0.162704131,38732
235,3554.3,7.24,20930,61809,1.43,30,393,40,53,18907,18,10,265,659,33501,5324,6.292449286,0.158920629,38825
235.1,3555.8,7.21,20339,57491,1.24,0,307,43,18,14813,0,25,298,533,33794,5312,6.361822289,0.157187666,39106
235.2,3557.4,7.18,21450,65294,1.35,10,338,41,22,21388,37,106,361,724,34028,5444,6.250551065,0.159985894,39472
235.3,3558.9,7.16,21375,63301,1.41,0,314,45,48,18983,54,22,411,731,34667,5488,6.316873178,0.15830617,40155
235.4,3560.3,7.17,22516,69148,1.4,10,293,38,55,23787,82,71,310,702,35516,5572,6.374012922,0.156887037,41088
235.5,3562,7.2,22281,66722,1.44,11,330,73,34,21908,104,36,423,643,34959,5597,6.246024656,0.160101834,40556
235.6,3563.4,7.22,21671,66286,1.44,16,354,38,27,22197,17,49,304,664,34542,5465,6.320585544,0.15821319,40007
235.7,3564.9,7.22,20058,58991,1.34,0,254,21,44,17038,27,0,235,738,32917,5394,6.10252132,0.163866695,38311
235.8,3566.4,7.23,20479,60963,1.39,19,302,71,24,18452,18,0,332,825,33304,5197,6.408312488,0.156047322,38501
235.9,3568.1,7.22,20081,58979,1.43,13,269,29,17,16800,70,16,242,597,33210,5347,6.210959416,0.161005721,38557
236,3569.8,7.22,20234,59955,1.3,6,287,42,22,16402,27,76,221,727,33952,5494,6.179832545,0.161816682,39446
236.1,3571.4,7.22,20152,58818,1.49,14,211,12,16,15875,70,28,298,667,33870,5471,6.190824347,0.161529377,39341
236.2,3572.9,7.22,21182,63755,1.39,13,273,27,38,20781,65,29,394,624,33439,5333,6.270204388,0.159484434,38772
236.3,3574.4,7.24,20813,62576,1.41,13,289,45,23,20922,38,47,261,583,32925,5204,6.326863951,0.158056188,38129
236.4,3575.8,7.28,20384,58695,1.29,0,285,33,15,16662,29,21,225,703,33270,5358,6.209406495,0.161045987,38628
236.5,3577.3,7.29,20921,60173,1.28,20,284,24,34,17045,36,38,252,672,33967,5349,6.350158908,0.157476374,39316
236.6,3578.9,7.29,21545,62335,1.45,5,284,37,46,18269,68,36,337,623,34373,5699,6.031409019,0.165798737,40072
236.7,3580.2,7.28,22049,65503,1.48,0,280,36,35,21576,36,30,321,464,34414,5473,6.287959072,0.159034114,39887
236.8,3581.7,7.26,21170,61695,1.35,11,286,16,49,18482,27,40,237,598,33798,5420,6.235793358,0.160364519,39218
236.9,3583.2,7.26,21555,64660,1.36,7,276,29,37,21872,53,10,229,697,33655,5468,6.154901244,0.162472144,39123
237,3584.6,7.27,21620,64895,1.31,12,323,24,46,21505,87,98,305,634,33936,5465,6.209698079,0.161038425,39401
237.1,3586.3,7.29,21823,65563,1.41,11,331,39,14,22225,154,0,207,581,33970,5484,6.194383662,0.161436562,39454
237.2,3587.8,7.3,21011,62566,1.43,4,296,15,18,19717,98,0,335,608,33680,5454,6.175284195,0.161935867,39134
237.3,3589.3,7.32,21572,65922,1.47,13,269,42,24,22572,89,10,231,761,34128,5410,6.30831793,0.158520863,39538
237.4,3590.8,7.33,21861,65705,1.53,26,281,42,31,21893,117,31,268,686,34179,5608,6.094686163,0.164077357,39787
237.5,3592.6,7.34,22134,68552,1.53,11,337,25,50,25294,82,0,269,666,33856,5388,6.28359317,0.159144612,39244
237.6,3594.1,7.34,21371,65904,1.31,7,283,33,23,22653,87,0,380,609,33723,5474,6.160577274,0.162322451,39197
237.7,3595.7,7.32,21044,62822,1.38,23,281,57,27,19693,133,0,122,493,34058,5529,6.159884247,0.162340713,39587
237.8,3597.4,7.32,21490,63710,1.39,4,218,31,22,18623,64,57,306,797,35230,5778,6.09726549,0.164007948,41008
237.9,3598.7,7.34,22665,69644,1.44,10,226,36,47,24471,42,0,214,692,35228,5883,5.988101309,0.166997843,41111
238,3600.3,7.37,22161,68918,1.32,4,219,40,39,24101,29,42,282,632,35010,5769,6.068642746,0.164781491,40779
238.1,3601.8,7.37,22468,67651,1.37,14,229,22,0,23041,9,0,109,616,35201,5793,6.076471604,0.164569188,40994
238.2,3603.4,7.37,22257,65696,1.35,7,217,12,19,20814,98,15,175,652,35223,5694,6.185985248,0.161655736,40917
238.3,3604.9,7.38,22171,63686,1.39,9,152,18,12,17762,45,0,315,732,36242,5793,6.256171241,0.159842172,42035
238.4,3606.4,7.38,22293,65228,1.4,7,195,23,21,19275,84,0,122,656,36285,5897,6.15312871,0.162518947,42182
238.5,3607.8,7.39,22601,67585,1.39,11,194,37,28,22097,18,62,199,708,35913,5754,6.241397289,0.160220533,41667
238.6,3609.4,7.41,22555,68133,1.39,5,170,35,27,22663,70,7,157,685,35855,5888,6.089504076,0.164216985,41743
238.7,3610.8,7.43,22469,66980,1.45,6,194,32,39,21948,24,33,258,693,35340,5605,6.305084746,0.158602151,40945
238.8,3612.3,7.43,22123,66411,1.44,8,211,30,55,21321,29,35,166,567,35476,5742,6.178335075,0.161855903,41218
238.9,3613.9,7.43,22315,68126,1.48,8,252,37,45,23805,0,0,308,625,34904,5593,6.240657965,0.160239514,40497
239,3615.5,7.42,22488,66372,1.51,10,194,16,35,21380,0,3,256,558,35885,5674,6.32446246,0.158116205,41559
239.1,3617,7.41,22897,67948,1.36,3,238,13,49,21436,41,0,280,702,36401,5939,6.129146321,0.163154858,42340
239.2,3618.6,7.42,22855,69177,1.4,8,218,42,50,22241,0,34,357,621,36638,6131,5.975860382,0.16733992,42769
239.3,3620.1,7.43,23209,70419,1.41,5,225,12,24,24140,92,0,406,774,36250,5889,6.155544235,0.162455172,42139
239.4,3621.7,7.44,22688,72119,1.35,0,319,35,47,28074,29,11,287,634,34500,5538,6.229685807,0.160521739,40038
239.5,3623.2,7.44,21975,69353,1.46,10,301,32,47,26122,48,158,253,633,33730,5523,6.107188122,0.163741476,39253
239.6,3624.7,7.44,21753,68254,1.41,3,238,18,38,25173,68,0,208,626,33633,5637,5.966471527,0.167603247,39270
239.7,3626.3,7.43,21216,64848,1.36,10,223,43,20,21319,23,64,180,618,34109,5800,5.880862069,0.170043097,39909
239.8,3627.9,7.43,21607,63910,1.55,3,168,16,30,18992,27,51,207,699,35278,5763,6.121464515,0.163359601,41041
239.9,3629.3,7.43,22377,67579,1.37,9,196,0,22,22035,43,0,243,673,35788,5834,6.134384642,0.163015536,41622
240,3631,7.44,22964,72287,1.41,0,181,32,39,26862,33,0,236,632,35920,5769,6.226382389,0.160606904,41689
240.1,3632.6,7.46,23318,72968,1.51,0,215,39,50,26504,50,47,357,594,36520,5843,6.250213931,0.159994524,42363
240.2,3634.1,7.47,23341,70694,1.39,7,229,24,23,24705,61,18,189,666,36216,5979,6.057200201,0.165092777,42195
240.3,3635.8,7.48,22972,69214,1.44,0,226,21,45,23464,44,18,208,660,36088,5684,6.349049965,0.157503879,41772
240.4,3637.4,7.48,23140,70798,1.37,4,246,41,4,24882,78,2,175,674,36063,5942,6.06916863,0.164767213,42005
240.5,3639.1,7.48,22496,67112,1.33,6,176,6,28,21388,82,34,162,740,36279,5637,6.435870144,0.155379145,41916
240.6,3640.7,7.47,22883,68162,1.43,6,183,44,24,21894,83,49,330,668,36433,5768,6.316400832,0.158318008,42201
240.7,3642.2,7.46,22801,65639,1.38,4,176,22,35,19498,19,6,202,792,36659,5869,6.246208894,0.160097111,42528
240.8,3643.7,7.46,21871,61068,1.47,0,117,34,40,15470,24,32,246,733,36209,5953,6.082479422,0.164406639,42162
240.9,3645.3,7.45,21091,59157,1.36,5,160,30,31,15347,54,0,138,772,34786,5540,6.279061372,0.159259472,40326
241,3646.9,7.47,21110,60375,1.38,0,136,16,27,15481,75,37,340,697,35439,5711,6.205393101,0.161150145,41150
241.1,3648.4,7.48,22036,63717,1.44,9,215,32,44,18267,105,0,296,671,36039,5732,6.287334264,0.159049918,41771
241.2,3649.9,7.51,22469,67308,1.52,4,226,22,53,21937,57,31,292,639,36035,5598,6.4371204,0.155348966,41633
241.3,3651.2,7.52,22548,68342,1.36,0,233,17,39,22772,60,13,135,725,35874,5802,6.183040331,0.161732731,41676
241.4,3652.9,7.53,22105,66265,1.41,0,213,40,39,21196,52,41,168,681,35826,5563,6.440050333,0.15527829,41389
241.5,3654.5,7.52,21840,64722,1.38,0,171,29,42,20508,84,9,244,662,34991,5676,6.164728682,0.162213141,40667
241.6,3656,7.52,22003,67401,1.37,16,222,53,43,22671,83,16,216,820,35167,5651,6.223146346,0.16069042,40818
241.7,3657.4,7.51,22160,66442,1.47,8,250,31,46,21279,125,33,292,609,35398,5747,6.159387507,0.162353805,41145
241.8,3659,7.51,22359,67873,1.52,0,237,23,24,22864,185,0,232,585,35427,5659,6.260293338,0.159736924,41086
241.9,3660.6,7.51,22485,69970,1.4,18,230,41,29,24186,234,32,298,717,35543,5842,6.084046559,0.164364291,41385
242,3662.3,7.5,22768,70937,1.36,0,252,64,57,26157,152,23,179,680,35292,5540,6.370397112,0.156976085,40832
242.1,3663.8,7.49,22530,69852,1.39,0,287,22,26,24990,130,0,234,777,35071,5515,6.359202176,0.157252431,40586
242.2,3665.2,7.47,22569,69116,1.43,9,285,24,44,23526,106,86,282,664,35744,5776,6.188365651,0.161593554,41520
242.3,3666.6,7.47,22330,66735,1.38,5,219,23,28,22255,109,0,183,561,35288,5584,6.319484241,0.158240762,40872
242.4,3668,7.47,21980,63207,1.41,9,189,45,42,16961,139,15,196,804,36514,5915,6.173119189,0.16199266,42429
242.5,3669.7,7.46,22444,64183,1.45,0,207,40,31,17560,189,73,256,675,36840,5910,6.233502538,0.160423453,42750
242.6,3671.3,7.45,22273,65271,1.38,12,189,17,20,19154,75,48,213,716,36370,5945,6.117746005,0.163458895,42315
242.7,3672.8,7.45,22868,68521,1.57,3,240,49,35,21407,156,62,246,747,37074,5885,6.299745115,0.158736581,42959
242.8,3674.2,7.46,23594,72586,1.4,10,293,15,48,25526,114,14,205,809,37111,5835,6.360068552,0.15723101,42946
242.9,3675.9,7.47,23601,74544,1.31,10,316,39,44,27944,184,0,211,738,36673,5733,6.396825397,0.156327543,42406
243,3677.4,7.47,22610,68978,1.48,6,251,32,33,22930,124,17,111,664,36486,5786,6.305910819,0.158581374,42272
243.1,3679,7.46,22499,68393,1.37,0,257,41,45,22165,190,44,279,689,36345,5637,6.447578499,0.155096987,41982
243.2,3680.4,7.43,22276,68523,1.34,3,284,31,29,22658,115,115,353,717,36039,5703,6.319305629,0.158245234,41742
243.3,3682,7.4,22545,67333,1.43,18,253,40,44,21153,128,102,307,652,36616,5678,6.44874956,0.155068822,42294
243.6,3686.8,7.25,21480,60015,1.34,8,149,0,68,13756,112,0,238,633,36885,5791,6.369366258,0.157001491,42676
243.7,3688.3,7.26,22412,63857,1.3,0,225,7,72,16033,106,11,349,751,38154,5855,6.51648164,0.153457043,44009
243.8,3689.7,7.27,22157,61163,1.33,0,175,0,51,13598,60,0,180,752,37816,6060,6.240264026,0.16024963,43876
243.9,3691.4,7.28,21880,59997,1.43,0,194,4,28,12168,72,74,221,807,38108,5910,6.448054146,0.155085546,44018
244,3692.8,7.29,21660,58158,1.27,11,197,14,41,10571,46,21,181,762,37681,5796,6.501207729,0.153817574,43477
244.1,3694.4,7.3,21125,54690,1.46,0,137,49,20,8761,0,0,116,675,36901,5652,6.528839349,0.153166581,42553
244.2,3696.1,7.31,21228,54801,1.37,0,124,22,0,7694,35,0,230,754,37814,5901,6.408066429,0.156053314,43715
244.3,3697.7,7.32,21274,54163,1.44,19,120,0,21,7204,99,105,249,733,37417,5655,6.616622458,0.151134511,43072
244.4,3699.2,7.33,21316,55568,1.47,0,130,27,15,8151,95,45,213,768,37686,5893,6.395044969,0.156371066,43579
244.5,3700.6,7.33,21614,56503,1.52,9,136,18,26,8806,102,0,137,672,37921,5667,6.691547556,0.149442262,43588
244.6,3702.1,7.34,21413,54981,1.37,0,139,18,8,7930,0,13,236,649,37974,5838,6.504624872,0.153736767,43812
244.7,3703.6,7.36,21193,53733,1.36,0,95,16,0,6566,60,91,159,898,37907,5702,6.648018239,0.150420767,43609
244.8,3705.4,7.36,21646,54361,1.44,0,112,22,62,6367,0,38,273,693,38950,5552,7.015489914,0.14254172,44502
244.9,3707,7.36,21792,54286,1.43,0,116,29,27,6830,0,38,108,585,38406,5738,6.693272917,0.149403739,44144
245,3708.8,7.37,21797,55527,1.48,16,121,0,42,6329,120,89,198,792,39562,5883,6.724800272,0.148703301,45445
245.1,3709.9,7.36,21989,55076,1.47,6,127,9,24,6201,88,140,425,713,39338,5755,6.835447437,0.146296202,45093
245.2,3711,7.35,22052,56405,1.46,0,135,37,11,7216,109,87,239,604,39546,5877,6.728943338,0.148611743,45423
245.3,3712.1,7.36,21204,52889,1.61,6,130,51,15,5388,75,86,172,634,38514,5743,6.706251088,0.149114608,44257
245.4,3713.1,7.39,20629,52770,1.29,10,110,0,0,4885,104,0,98,781,38402,5700,6.737192982,0.148429769,44102
245.5,3714.3,7.4,20860,52121,1.42,0,117,15,0,4817,0,0,262,742,38268,5799,6.599068805,0.151536532,44067
245.6,3715.6,7.39,20427,52046,1.35,0,154,5,30,4876,122,115,96,937,37873,5679,6.668955802,0.149948512,43552
245.7,3716.6,7.39,20372,51716,1.25,5,130,17,13,5226,157,0,223,482,37221,5804,6.412991041,0.155933478,43025
245.8,3717.7,7.38,20607,52886,1.48,4,127,46,36,6049,163,0,316,749,37236,5773,6.450025983,0.155038135,43009
245.9,3718.6,7.37,20845,53163,1.29,11,114,8,44,5790,160,0,166,705,37799,5802,6.514822475,0.153496124,43601
246,3719.7,7.37,21261,53562,1.26,0,136,52,24,5821,143,39,160,864,37962,5871,6.466019417,0.154654655,43833
246.1,3721.2,7.38,21426,53572,1.35,10,127,0,0,5454,115,68,180,789,38284,5992,6.389185581,0.156514471,44276
246.2,3722.4,7.39,21300,53458,1.32,0,110,15,12,6027,86,0,220,772,38421,5793,6.632314863,0.150776919,44214
246.3,3724,7.41,21006,52486,1.28,5,120,23,31,5369,227,56,105,559,38019,5794,6.561788057,0.152397485,43813
246.4,3725.4,7.41,20884,52511,1.43,0,124,16,25,5363,102,144,214,841,37968,5590,6.792128801,0.147229246,43558
246.5,3726.9,7.42,21092,53652,1.33,27,148,24,34,6821,124,57,165,843,37558,5620,6.682918149,0.149635231,43178
246.6,3728.5,7.42,20910,53251,1.21,0,118,30,21,7001,91,17,302,860,37040,5804,6.381805651,0.156695464,42844
246.7,3730.1,7.42,20200,51706,1.3,0,134,8,25,5877,189,0,271,884,36656,5577,6.572709342,0.15214426,42233
246.8,3731.6,7.42,20066,50346,1.35,13,136,23,25,5051,171,0,249,779,36602,5422,6.750645518,0.148133982,42024
246.9,3733.2,7.41,20338,51520,1.31,14,138,15,26,4843,121,100,325,722,37540,5514,6.808124773,0.146883324,43054
247,3734.8,7.4,20878,52476,1.28,0,161,36,9,5295,228,0,268,761,37790,5926,6.376982788,0.156813972,43716
247.1,3736.3,7.4,20708,52241,1.33,0,140,28,35,4814,229,5,271,662,38230,5803,6.587971739,0.151791787,44033
247.2,3737.7,7.41,21014,52745,1.36,7,123,21,30,4774,129,0,162,962,38500,6080,6.332236842,0.157922078,44580
247.3,3739.3,7.39,21424,53714,1.24,0,107,0,28,4702,107,36,376,746,39513,5983,6.604211934,0.15141852,45496
247.4,3740.6,7.39,21480,53285,1.38,0,132,35,24,4633,128,145,217,874,39077,5888,6.63671875,0.150676869,44965
247.5,3742,7.39,21581,54809,1.28,12,132,0,11,5854,156,0,389,901,38751,5880,6.590306122,0.15173802,44631
247.6,3743.5,7.4,21347,54845,1.4,10,139,23,21,6340,181,28,369,737,38671,5944,6.505888291,0.153706912,44615
247.7,3745,7.4,21137,54455,1.24,6,130,33,49,6512,198,113,216,918,38442,5850,6.571282051,0.152177306,44292
247.8,3746.3,7.41,20690,51697,1.27,0,77,13,9,4879,209,0,113,762,38049,5612,6.779935852,0.147494021,43661
247.9,3747.6,7.4,21031,53566,1.24,0,125,19,13,5979,126,6,203,784,38177,5721,6.673134067,0.149854625,43898
248,3748.8,7.39,20888,52452,1.36,22,144,19,12,5218,164,21,172,749,38172,5664,6.73940678,0.148381012,43836
248.1,3750,7.38,20973,53181,1.28,12,152,41,30,5115,203,0,301,820,38318,6013,6.372526193,0.156923639,44331
248.2,3751,7.37,20865,53724,1.36,0,149,0,23,6017,63,0,321,869,37931,5848,6.486149111,0.154174686,43779
248.3,3752.2,7.36,21156,54257,1.37,24,161,35,13,6257,142,30,479,729,38045,6030,6.309286899,0.158496517,44075
248.4,3753.3,7.36,21199,53439,1.28,0,134,35,24,5480,161,88,273,653,38559,5943,6.488137304,0.154127441,44502
248.5,3754.3,7.35,21383,53111,1.15,0,138,17,44,4775,105,0,401,738,39117,5807,6.736180472,0.14845208,44924
248.6,3755.4,7.37,21124,52816,1.22,0,111,0,30,4685,116,161,243,846,38595,5907,6.533773489,0.153050913,44502
248.7,3756.5,7.37,20787,52385,1.25,0,101,0,0,4334,161,38,189,964,38764,5943,6.522631668,0.153312352,44707
248.8,3757.8,7.36,20656,51047,1.14,0,102,0,30,4159,109,0,289,716,37945,5693,6.665202881,0.150032942,43638
248.9,3759,7.36,20476,51418,1.42,15,138,22,14,4044,29,61,138,917,38255,5805,6.590008613,0.15174487,44060
249,3760.6,7.35,20591,50547,1.36,17,105,12,0,3765,86,78,207,750,37875,5765,6.569817866,0.152211221,43640
249.1,3761.9,7.35,20541,51321,1.25,13,145,20,26,3808,0,0,467,788,38227,5752,6.645862309,0.150469563,43979
249.2,3763.2,7.34,20427,50908,1.46,7,105,44,23,3998,36,0,331,814,37842,5448,6.946035242,0.143967021,43290
249.3,3764.6,7.33,20696,51971,1.24,0,105,0,21,4202,0,87,160,786,38990,5733,6.800976801,0.147037702,44723
249.4,3765.9,7.32,20558,51404,1.41,0,127,11,26,3447,51,0,358,691,38818,5694,6.817351598,0.146684528,44512
249.5,3767.3,7.33,20175,49394,1.32,7,180,12,38,3024,0,12,179,737,37448,5852,6.399179768,0.156270028,43300
249.6,3768.8,7.32,20294,49525,1.39,0,111,36,26,3004,26,0,302,766,37560,5566,6.748113547,0.148189563,43126
249.7,3770.1,7.31,21066,51977,1.42,11,148,16,17,3919,12,0,414,667,38703,5842,6.624957206,0.150944371,44545
249.8,3771.5,7.31,21096,52771,1.25,14,141,30,66,5096,0,0,150,893,38416,5914,6.495772743,0.153946272,44330
249.9,3772.9,7.33,20610,51845,1.4,5,173,14,0,4663,48,221,324,652,37598,5717,6.57652615,0.15205596,43315
250,3774.6,7.34,20343,50289,1.29,8,117,7,22,3378,0,16,310,825,38266,5530,6.919710669,0.144514713,43796
250.1,3775.9,7.33,21285,52691,1.37,0,160,9,47,4421,0,0,293,837,39109,5840,6.696746575,0.149326242,44949
250.2,3777.1,7.32,20884,51694,1.33,0,88,0,26,4079,0,169,303,894,38470,5739,6.703258407,0.14918118,44209
250.3,3778.4,7.33,21380,53433,1.41,0,143,30,47,4681,38,0,272,847,39509,5855,6.747907771,0.148194082,45364
250.4,3779.7,7.33,21600,54543,1.27,17,170,27,27,5168,21,69,308,935,39297,6159,6.380418899,0.156729521,45456
250.5,3781.1,7.32,21764,54693,1.18,0,172,20,16,4754,0,100,354,860,40040,6045,6.623655914,0.150974026,46085
250.6,3782.4,7.32,21403,54983,1.29,10,183,7,49,4727,58,129,423,871,40101,6044,6.634844474,0.150719433,46145
250.7,3783.6,7.32,21625,54344,1.61,0,155,21,26,4705,0,118,268,775,40415,5944,6.799293405,0.147074106,46359
250.8,3785.2,7.3,22153,54874,1.33,6,196,32,42,5212,0,22,192,771,40348,6042,6.677921218,0.149747199,46390
250.9,3786.6,7.28,22321,55879,1.41,5,221,17,39,5820,0,6,400,782,40364,6021,6.703869789,0.149167575,46385
251,3787.9,7.27,21771,55282,1.35,17,256,8,33,5275,0,8,248,809,40179,5953,6.749370066,0.148161975,46132
251.1,3789.2,7.24,21867,54479,1.46,8,230,57,21,5529,0,0,297,708,39781,5682,7.001231961,0.142832005,45463
251.3,3791.9,7.16,21788,54688,1.3,4,200,0,22,5313,0,136,412,806,39478,6097,6.474987699,0.154440448,45575
251.4,3793,7.17,22290,55949,1.48,0,200,0,36,6027,0,0,378,755,40056,6113,6.552592835,0.152611344,46169
251.5,3794.4,7.19,22229,56659,1.55,0,259,35,24,7333,0,40,239,787,39550,6155,6.425670187,0.15562579,45705
251.6,3795.7,7.23,21912,55869,1.5,21,215,23,45,6786,0,37,418,629,39331,5843,6.731302413,0.14855966,45174
251.7,3797,7.23,22579,58424,1.57,8,233,32,17,8161,0,0,242,963,40281,6062,6.644836688,0.150492788,46343
251.8,3798.5,7.2,22040,56713,1.48,8,161,8,32,6822,63,33,360,830,40079,6143,6.524336643,0.153272287,46222
251.9,3800,7.18,23857,61185,1.56,13,246,37,0,9268,0,79,455,684,41636,6208,6.706829897,0.149101739,47844
252,3801.4,7.18,22968,58619,1.53,9,312,17,26,7949,0,137,222,698,40530,5868,6.906952965,0.144781643,46398
252.1,3802.8,7.22,22567,55819,1.54,0,247,40,28,6124,0,9,168,777,39971,5926,6.745021937,0.148257487,45897
252.2,3804.1,7.23,22694,57045,1.46,14,255,9,19,6961,0,38,261,616,40312,5972,6.750167448,0.148144473,46284
252.3,3805.5,7.21,22849,57633,1.51,7,210,25,17,6710,21,0,205,873,40777,5997,6.79956645,0.1470682,46774
252.4,3806.8,7.21,23121,57317,1.52,8,154,36,23,6050,0,0,356,790,40885,6148,6.650130124,0.150372997,47033
252.5,3808.2,7.24,22736,57300,1.36,9,233,46,53,6644,0,81,183,861,40328,6107,6.603569674,0.151433247,46435
252.6,3809.5,7.25,22402,55413,1.22,0,136,5,26,5221,0,82,267,718,40000,6260,6.389776358,0.1565,46260
252.7,3810.9,7.25,22630,56918,1.49,0,195,41,15,5878,0,139,202,987,40576,6020,6.740199336,0.148363565,46596
252.8,3812.1,7.24,22772,58435,1.31,15,169,20,62,6422,0,113,348,891,41395,6380,6.488244514,0.154124894,47775
252.9,3813.4,7.23,23847,60552,1.37,0,222,52,45,7715,0,0,262,849,41970,6320,6.640822785,0.15058375,48290
253,3814.7,7.22,24064,61165,1.32,8,214,21,23,7771,0,0,210,884,42370,6395,6.625488663,0.150932263,48765
253.1,3815.9,7.22,23758,60787,1.51,14,285,74,19,7797,0,259,252,884,41726,6439,6.480198789,0.154316254,48165
253.2,3817.2,7.23,23331,60038,1.36,23,239,41,26,7446,0,126,372,746,41414,6264,6.611430396,0.151253199,47678
253.3,3818.7,7.22,23228,59462,1.41,16,183,28,46,6950,0,21,203,965,41146,6571,6.261756201,0.159699606,47717
253.4,3820,7.2,22591,56043,1.41,12,165,10,19,5069,0,41,243,597,40419,6081,6.646768624,0.150449046,46500
253.5,3821.3,7.2,23237,58031,1.53,0,185,47,18,6192,12,30,160,902,41171,6420,6.412928349,0.155935003,47591
253.6,3822.7,7.21,22808,58221,1.26,4,151,19,19,6136,0,116,455,779,40937,6451,6.345837855,0.157583604,47388
253.7,3824,7.23,22791,57923,1.38,18,150,43,28,6407,0,91,169,970,40945,6483,6.315748882,0.158334351,47428
253.8,3825.3,7.26,23015,58534,1.3,0,177,7,37,6540,0,0,342,920,40805,6305,6.47184774,0.154515378,47110
253.9,3826.5,7.26,22652,57635,1.33,0,186,21,28,6549,0,0,402,914,41025,5911,6.940450008,0.144082876,46936
254,3827.7,7.26,22859,59652,1.29,0,216,10,31,8131,0,11,308,788,41097,6212,6.615743722,0.151154585,47309
254.1,3829.1,7.24,23044,58046,1.49,22,207,32,30,5921,10,0,274,747,41608,6431,6.469911367,0.154561623,48039
254.2,3830.4,7.22,22855,57202,1.32,0,163,31,29,5191,0,136,407,870,41427,6268,6.609285258,0.151302291,47695
254.3,3831.6,7.23,22592,56361,1.33,10,214,34,30,5054,0,0,280,837,41117,6294,6.532729584,0.15307537,47411
254.4,3833.1,7.23,22853,56464,1.53,6,172,45,0,5369,0,0,284,718,41210,5944,6.933041723,0.144236836,47154
254.5,3834.4,7.23,22323,54635,1.36,76,236,28,60,4489,0,0,205,874,40251,6144,6.551269531,0.15264217,46395
254.6,3835.9,7.24,22296,55688,1.33,14,248,54,20,5381,30,0,310,857,39550,6082,6.502795133,0.153780025,45632
254.7,3837.5,7.23,21332,53843,1.4,23,217,41,27,4219,0,0,347,890,39237,6255,6.272901679,0.159415857,45492
254.8,3838.9,7.21,22324,54322,1.4,0,164,24,12,4095,0,0,110,711,40424,6029,6.70492619,0.149144073,46453
254.9,3840.2,7.18,23676,59376,1.33,5,238,13,0,5685,0,71,240,876,42561,6531,6.516766192,0.153450342,49092
255,3841.5,7.19,23738,59176,1.32,17,238,50,53,5684,0,46,181,1092,42700,6427,6.643846274,0.150515222,49127
255.1,3842.8,7.2,23507,58713,1.41,13,239,4,38,5080,0,89,303,830,42450,6601,6.430843812,0.155500589,49051
255.2,3844.2,7.22,23657,59669,1.47,12,267,41,32,6213,0,22,249,772,42649,6554,6.507323772,0.153673005,49203
255.3,3845.5,7.23,24180,61919,1.53,15,281,47,67,7471,0,0,225,923,43434,6426,6.759103641,0.147948612,49860
255.4,3846.7,7.22,23940,61801,1.44,24,273,23,30,7097,0,74,274,1011,43240,6710,6.444113264,0.155180389,49950
255.5,3848.2,7.19,24711,62636,1.49,9,256,56,33,7248,19,86,358,1038,44130,6808,6.482079906,0.154271471,50938
255.6,3849.5,7.19,24508,62192,1.41,0,243,23,35,6519,0,90,275,850,44648,6544,6.822738386,0.146568715,51192
255.7,3850.9,7.19,23571,59742,1.24,7,341,5,26,6154,0,0,418,950,42527,6639,6.405633379,0.156112587,49166
255.8,3852.2,7.2,21743,54666,1.29,44,303,49,23,5099,7,0,187,605,39495,6238,6.331356204,0.157944044,45733
255.9,3853.6,7.2,21322,54999,1.38,13,275,13,45,5635,103,54,344,741,39099,6109,6.40022917,0.156244405,45208
256,3854.9,7.19,22047,55133,1.18,7,311,0,23,5094,0,116,279,741,39801,5873,6.776945343,0.147559107,45674
256.1,3856.2,7.17,22235,56394,1.49,0,276,52,18,5345,0,0,370,877,40645,6145,6.614320586,0.151187108,46790
256.2,3857.4,7.16,22295,56890,1.26,39,323,56,66,6142,19,66,43,918,40384,6363,6.346691812,0.157562401,46747
256.3,3858.7,7.14,22143,55374,1.28,10,286,37,47,5523,76,67,187,958,39560,5988,6.606546426,0.151365015,45548
256.4,3860,7.12,21929,54931,1.31,22,274,32,6,4928,18,0,164,852,39717,6373,6.232072807,0.160460256,46090
256.5,3861.5,7.1,22419,55839,1.36,8,342,59,41,5492,59,0,287,660,40279,6119,6.582611538,0.15191539,46398
256.6,3862.7,7.1,21846,55392,1.35,5,269,21,32,4863,0,14,294,841,40494,6197,6.534452154,0.153035018,46691
256.7,3864.2,7.13,21811,54827,1.26,0,256,26,29,4081,32,126,262,750,40733,5967,6.826378415,0.14649056,46700
256.8,3865.4,7.14,23461,56978,1.39,0,241,26,35,4685,0,20,216,949,42106,6394,6.585236159,0.151854843,48500
256.9,3866.6,7.15,23636,58199,1.23,0,256,17,61,5316,71,0,477,803,42236,6191,6.822161202,0.146581116,48427
257,3867.6,7.16,23336,56925,1.27,22,266,19,9,4993,0,0,308,619,41475,6342,6.539735099,0.152911392,47817
257.1,3869,7.17,22859,56425,1.53,18,313,29,29,5322,0,83,323,869,40831,6106,6.687029152,0.149543239,46937
257.2,3870,7.18,22176,54524,1.47,26,278,24,5,4586,0,0,365,759,40176,6012,6.682634731,0.149641577,46188
257.3,3871.2,7.18,22669,56164,1.25,13,213,30,33,4162,0,112,357,927,41553,6181,6.722698592,0.148749789,47734
257.4,3872.6,7.18,23812,59407,1.31,20,258,29,52,5665,0,0,435,1209,42527,6442,6.601521267,0.151480236,48969
257.5,3873.7,7.17,23910,59730,1.44,9,274,26,56,5901,0,61,311,846,42903,6367,6.738338307,0.14840454,49270
257.6,3874.8,7.17,23493,57720,1.33,4,237,31,24,5623,27,14,293,682,41682,6366,6.547596607,0.152727796,48048
257.7,3876,7.18,23350,56611,1.4,0,181,6,19,4962,0,96,213,778,41760,6121,6.822414638,0.14657567,47881
257.8,3877.1,7.18,23649,59043,1.38,11,269,19,61,6350,0,0,369,919,41628,6566,6.339932988,0.157730374,48194
257.9,3878.3,7.2,22658,56591,1.42,28,356,46,37,6087,0,21,165,921,40258,6085,6.615940838,0.151150082,46343
258,3879.5,7.2,21327,54169,1.42,19,242,36,0,5304,6,14,248,789,39410,5828,6.762182567,0.147881248,45238
258.1,3880.7,7.18,22575,56881,1.43,0,318,34,34,6070,0,0,248,837,40467,6245,6.479903923,0.154323276,46712
258.2,3882,7.16,22323,56381,1.28,26,303,35,27,5767,0,0,266,977,40318,6029,6.687344502,0.149536187,46347
258.3,3883.3,7.16,22140,55506,1.25,19,237,62,20,5115,24,45,236,855,40208,6171,6.51563766,0.15347692,46379
258.4,3884.5,7.15,22435,55015,1.37,15,264,28,0,4987,0,0,283,744,40430,5949,6.796100185,0.14714321,46379
258.5,3885.7,7.15,22414,55663,1.29,12,252,17,17,5323,0,0,457,840,40302,5948,6.775722932,0.147585728,46250
258.6,3886.8,7.15,22465,56574,1.36,0,278,52,27,6278,0,0,351,921,40255,6146,6.54978848,0.152676686,46401
258.7,3888,7.15,22578,56720,1.28,20,240,21,25,5520,35,0,504,841,40358,6434,6.272614237,0.159423163,46792
258.8,3889.4,7.16,22681,57767,1.21,8,260,21,32,5430,0,7,331,945,41555,6349,6.545125217,0.152785465,47904
258.9,3890.8,7.17,23004,57448,1.41,0,221,40,63,6416,18,67,274,817,40369,6117,6.599476868,0.151527162,46486
259,3891.9,7.18,23021,58451,1.26,0,214,16,0,6957,61,89,303,852,40919,6303,6.491987942,0.154036022,47222
259.1,3892.9,7.19,23304,58498,1.35,5,237,0,11,7489,14,128,279,768,40422,6087,6.640709709,0.150586314,46509
259.2,3894,7.19,22779,58613,1.26,0,266,45,63,7557,0,0,342,813,40524,6265,6.468316042,0.154599743,46789
259.3,3895.4,7.19,22649,57824,1.26,0,274,49,40,6897,0,53,192,844,40325,6293,6.407913555,0.156057037,46618
259.4,3896.6,7.17,22693,58219,1.29,11,234,39,39,6096,13,0,443,853,41557,6281,6.616303136,0.151141805,47838
259.5,3897.8,7.16,23553,60473,1.25,0,182,34,0,7536,18,100,273,921,41818,6398,6.536105033,0.152996317,48216
259.6,3899.2,7.17,24592,63768,1.37,16,282,34,109,10212,32,0,362,798,42279,6269,6.744137821,0.148276922,48548
259.7,3900.5,7.19,23348,59469,1.4,29,237,20,49,8050,0,45,456,753,40540,6357,6.37722196,0.156808091,46897
259.8,3901.6,7.21,22924,58859,1.3,12,270,19,27,8900,0,21,155,893,39404,6106,6.453324599,0.154958887,45510
259.9,3902.8,7.22,21982,56720,1.26,20,239,29,44,8061,16,37,71,711,38955,5997,6.495747874,0.153946862,44952
260,3904,7.22,22372,58571,1.31,16,197,34,56,8798,112,10,284,787,39400,5966,6.604089842,0.15142132,45366
260.1,3905.5,7.22,22465,59176,1.35,0,222,47,0,9709,136,15,226,799,39129,6153,6.359336909,0.157249099,45282
260.2,3906.8,7.22,22238,57117,1.28,11,219,0,47,8202,64,0,244,769,39045,5815,6.714531384,0.148930721,44860
260.3,3908.2,7.23,22322,57603,1.43,23,157,36,16,7834,86,131,223,798,39441,6073,6.494483781,0.153976826,45514
260.4,3909.6,7.23,22608,57687,1.42,0,133,38,0,6931,55,33,162,682,40719,6364,6.398334381,0.156290675,47083
260.5,3911,7.23,22767,59009,1.3,0,203,12,43,8441,91,49,209,806,39978,6182,6.466839211,0.154635049,46160
260.6,3912.5,7.23,22184,58438,1.48,11,181,37,48,9205,0,64,207,562,39116,6096,6.416666667,0.155844156,45212
260.7,3913.7,7.24,22523,59321,1.38,13,240,34,70,9371,36,50,272,846,39650,6068,6.534278181,0.153039092,45718
260.8,3915,7.23,22718,59209,1.29,0,242,34,58,9056,0,34,233,713,39723,6085,6.528019721,0.153185812,45808
260.9,3916.4,7.23,21785,56255,1.26,14,204,15,0,7680,83,62,259,949,38632,5984,6.455882353,0.154897494,44616
261,3917.6,7.24,21540,55979,1.33,28,157,51,36,7860,40,0,240,806,38000,5974,6.360897221,0.157210526,43974
261.1,3918.9,7.23,21506,57095,1.31,0,206,35,52,8522,46,0,247,793,38915,5779,6.73386399,0.148503148,44694
261.2,3920.1,7.25,21331,54639,1.21,11,188,36,38,7237,99,74,296,775,37837,5635,6.714640639,0.148928298,43472
261.3,3921.6,7.26,21415,55548,1.24,0,210,22,42,7166,24,0,394,704,38672,5879,6.577989454,0.152022135,44551
261.4,3923,7.25,22440,58122,1.27,13,166,66,38,7976,0,56,222,772,40101,5946,6.74419778,0.148275604,46047
261.5,3924.3,7.24,23102,59981,1.4,6,211,23,34,9380,0,0,191,806,40214,6120,6.570915033,0.152185806,46334
261.6,3925.8,7.24,23050,59878,1.49,24,248,61,63,9673,28,51,260,837,40066,6052,6.620290813,0.151050766,46118
261.7,3927.2,7.23,22722,60428,1.4,14,302,39,34,10206,33,74,267,736,39629,6174,6.418691286,0.155794999,45803
261.8,3928.5,7.22,22424,58276,1.47,7,227,8,29,8366,0,111,217,953,40076,5966,6.717398592,0.148867152,46042
261.9,3929.8,7.2,23281,62234,1.39,15,275,43,23,10404,0,0,251,820,40749,6190,6.583037157,0.151905568,46939
262,3931.1,7.19,23357,62311,1.27,0,328,56,31,11726,17,114,223,908,40184,5993,6.705156015,0.149138961,46177
262.1,3932.4,7.19,23107,62274,1.42,28,380,25,47,12417,8,0,278,692,39584,5933,6.671835496,0.149883791,45517
262.2,3933.9,7.19,22972,62762,1.33,33,326,56,40,11739,0,81,276,930,40221,6089,6.605518147,0.151388578,46310
262.3,3935.5,7.18,22635,60027,1.28,0,297,52,0,9881,0,85,280,874,40106,5881,6.819588505,0.146636414,45987
262.4,3936.9,7.17,23272,60562,1.37,6,343,76,0,9089,0,140,393,764,40832,6090,6.704761905,0.149147727,46922
262.5,3938.3,7.18,23295,60681,1.42,39,339,70,40,9437,29,96,358,930,40522,6109,6.633164184,0.150757613,46631
262.6,3939.7,7.19,22516,58749,1.26,18,277,50,11,8109,0,0,158,833,40310,6194,6.507910881,0.153659142,46504
262.7,3941.1,7.2,22250,57543,1.34,11,280,12,35,7498,84,56,404,807,39630,6120,6.475490196,0.154428463,45750
262.8,3942.5,7.22,22121,57842,1.31,9,297,22,9,8479,25,151,344,718,39189,6061,6.465764725,0.154660747,45250
262.9,3943.8,7.23,22256,58266,1.45,0,301,76,21,9264,0,0,246,848,38657,6100,6.337213115,0.15779807,44757
263,3945.1,7.23,21676,56579,1.32,0,295,49,27,8661,75,10,288,770,37360,5748,6.499652053,0.15385439,43108
263.1,3946.6,7.21,20826,54255,1.3,16,299,66,65,8541,99,49,265,724,36113,5632,6.412109375,0.155954919,41745
263.2,3948,7.21,20427,53447,1.26,5,272,11,33,8568,51,87,315,814,35301,5342,6.608199176,0.151327158,40643
263.3,3949.3,7.19,20936,55783,1.38,13,293,23,16,8948,0,102,310,839,36544,5852,6.244702666,0.160135727,42396
263.4,3950.6,7.18,21161,55961,1.21,0,302,0,19,9593,38,46,451,693,36342,5715,6.359055118,0.157256067,42057
263.5,3952,7.17,21828,58219,1.22,18,314,16,37,10549,56,61,273,779,37313,6031,6.186867849,0.161632675,43344
263.6,3953.2,7.15,21373,57185,1.3,17,360,51,40,11352,0,72,379,511,36167,5573,6.489682397,0.154090746,41740
263.7,3954.7,7.14,19571,50994,1.21,4,275,0,40,7618,19,78,308,479,34148,5485,6.225706472,0.160624341,39633
263.8,3956,7.14,20095,51619,1.23,6,255,38,56,6376,24,84,275,747,35801,5710,6.269877408,0.159492752,41511
263.9,3957.4,7.12,21230,55894,1.26,33,277,85,51,8003,149,60,367,716,37213,6179,6.022495549,0.166044124,43392
264,3958.8,7.12,22343,59720,1.48,18,370,28,38,11989,14,0,257,717,37207,6151,6.048935132,0.165318354,43358
264.1,3960.2,7.15,21532,56540,1.5,0,310,63,27,9889,115,0,479,749,36153,5785,6.249438202,0.160014383,41938
264.2,3961.5,7.17,21661,60039,1.37,0,267,48,41,14296,227,146,288,701,35283,5914,5.966012851,0.167616132,41197
264.3,3963,7.18,21909,64535,1.35,0,382,37,64,20917,175,0,403,522,33976,5416,6.273264402,0.15940664,39392
264.4,3964.3,7.18,19738,59624,1.29,0,277,37,34,17741,135,0,370,747,32461,5376,6.03813244,0.165614122,37837
264.5,3965.6,7.18,21152,68609,1.42,8,244,25,16,25650,258,14,271,774,33144,5417,6.118515784,0.16343833,38561
264.6,3967,7.15,21754,70969,1.48,12,244,40,0,26762,388,58,349,639,34053,5538,6.148970748,0.162628843,39591
264.7,3968.3,7.14,21927,69614,1.48,5,306,44,42,26590,446,0,242,838,33047,5425,6.091612903,0.164160136,38472
264.8,3969.7,7.15,21423,67686,1.44,18,267,50,48,23903,348,97,416,645,33003,5730,5.759685864,0.17362058,38733
264.9,3971.1,7.17,20535,62618,1.36,0,249,15,35,22038,276,71,270,624,31605,4905,6.443425076,0.155196963,36510
265,3972.2,7.18,21293,69424,1.48,18,298,21,43,28278,271,0,253,663,31615,5307,5.957226305,0.167863356,36922
265.1,3973.6,7.18,20729,64655,1.35,0,205,52,44,23414,214,0,236,631,32179,5239,6.14220271,0.162808043,37418
265.2,3974.9,7.18,21016,63637,1.39,17,219,18,47,21615,202,0,105,659,32820,5403,6.074403109,0.164625229,38223
265.3,3976,7.19,21677,66601,1.43,28,244,31,65,23221,122,0,95,636,33898,5407,6.269280562,0.159507936,39305
265.4,3977.5,7.21,21357,64561,1.39,7,177,28,25,21504,159,0,197,634,33696,5448,6.185022026,0.161680912,39144
265.5,3978.8,7.23,21580,63632,1.43,7,206,31,71,20449,104,75,81,576,34035,5457,6.236943375,0.160334949,39492
265.6,3980.2,7.24,22073,69608,1.36,19,282,30,28,25995,128,0,196,795,33767,5538,6.097327555,0.164006278,39305
265.7,3981.5,7.24,21080,64962,1.38,0,221,24,18,22143,74,0,176,625,33374,5584,5.976719198,0.167315875,38958
265.8,3983.1,7.26,21000,63093,1.32,0,252,0,31,19606,71,0,221,843,33718,5491,6.140593699,0.162850703,39209
265.9,3984.6,7.25,21316,64164,1.32,0,202,59,0,21017,0,74,253,763,33809,5515,6.130371714,0.163122246,39324
266,3986,7.25,21382,63845,1.38,8,215,63,49,20907,139,0,166,544,33625,5468,6.149414777,0.1626171,39093
266.1,3987.2,7.24,21592,65066,1.19,7,205,9,41,22185,92,0,180,587,33822,5410,6.251756007,0.159955059,39232
266.2,3988.7,7.24,21083,63369,1.48,11,195,21,25,20793,34,0,177,733,33488,5368,6.238450075,0.160296226,38856
266.3,3989.9,7.24,21882,68152,1.42,0,207,16,31,24634,105,0,223,716,33873,5464,6.199304539,0.161308417,39337
266.4,3991.4,7.25,21875,68448,1.4,4,208,38,47,24856,76,0,223,662,34177,5700,5.995964912,0.166778828,39877
266.5,3992.7,7.25,22504,75802,1.32,0,220,21,28,32374,70,0,144,751,34113,5493,6.210267613,0.161023657,39606
266.6,3993.9,7.26,22049,72678,1.48,0,206,21,53,29939,60,56,255,634,33643,5505,6.111353315,0.163629878,39148
266.7,3995,7.26,21715,67714,1.55,0,158,24,26,23979,169,0,137,732,34413,5406,6.365704772,0.157091797,39819
266.8,3996.5,7.25,21794,66463,1.38,6,205,25,24,23066,132,0,216,589,34372,5360,6.412686567,0.155940882,39732
266.9,3997.7,7.24,20838,62247,1.36,0,185,20,18,19756,78,15,154,755,33746,5232,6.449923547,0.155040597,38978
267,3999.1,7.24,20664,59803,1.43,0,200,20,46,16275,115,18,266,637,34405,5426,6.340766679,0.157709635,39831
267.1,4000.7,7.24,20648,61481,1.34,0,247,20,42,18554,121,9,193,697,33842,5363,6.3102741,0.158471722,39205
267.2,4002,7.24,20595,62614,1.25,5,256,15,41,19694,126,0,263,673,33729,5510,6.121415608,0.163360906,39239
267.3,4003.5,7.24,20316,58888,1.28,9,186,0,37,16029,78,150,248,767,33619,5302,6.340814787,0.157708439,38921
267.4,4005,7.22,20669,60231,1.52,0,235,28,50,17757,79,0,246,502,33546,5325,6.29971831,0.158737256,38871
267.5,4006.2,7.21,20899,60670,1.27,0,203,48,10,17414,152,0,116,621,33937,5546,6.119184998,0.163420456,39483
267.6,4007.5,7.19,20838,59951,1.42,0,188,25,0,15819,143,11,235,668,34784,5482,6.345129515,0.157601196,40266
267.7,4008.7,7.18,21148,61772,1.33,18,182,34,27,17953,208,13,204,693,34678,5380,6.445724907,0.155141588,40058
267.8,4009.8,7.18,21386,61792,1.29,0,206,24,47,16961,203,17,207,710,35198,5597,6.288726103,0.159014717,40795
267.9,4011.1,7.21,21860,64526,1.63,5,254,50,30,20509,145,0,225,432,34484,5646,6.107686858,0.163728106,40130
268,4012.4,7.25,21303,63254,1.48,31,232,0,0,19723,154,0,309,579,33971,5447,6.236644024,0.160342645,39418
268.1,4013.4,7.28,20243,59507,1.35,0,239,42,25,17652,305,0,272,714,32955,5157,6.390343223,0.156486117,38112
268.2,4014.8,7.29,19631,56805,1.3,9,178,24,39,14951,266,0,200,707,32780,5155,6.358874879,0.157260525,37935
268.3,4016.1,7.28,20507,60406,1.28,20,236,19,16,17578,324,95,278,681,33319,5461,6.101263505,0.163900477,38780
268.4,4017.7,7.25,20264,59204,1.45,33,234,54,36,15210,321,0,238,788,33987,5546,6.128200505,0.163180039,39533
268.5,4019,7.25,21604,66736,1.4,0,329,42,32,22253,378,0,235,696,34594,5437,6.362700018,0.157165983,40031
268.6,4020.5,7.24,21178,64875,1.26,15,244,40,41,21276,288,0,271,614,34188,5366,6.371226239,0.156955657,39554
268.7,4021.9,7.24,21370,66109,1.44,0,206,34,60,22746,288,63,212,664,33907,5437,6.236343572,0.16035037,39344
268.8,4023.2,7.22,21303,63890,1.38,0,206,0,55,20203,376,0,271,831,34108,5325,6.405258216,0.156121731,39433
268.9,4024.5,7.2,22007,66680,1.42,0,212,25,51,21145,366,16,300,729,35265,5628,6.265991471,0.159591663,40893
269,4025.8,7.19,22428,69692,1.27,0,289,20,12,24012,313,62,263,728,35312,5617,6.286629874,0.159067739,40929
269.1,4027.2,7.19,22526,70604,1.17,0,295,33,40,24973,256,45,185,681,35555,5634,6.310791622,0.158458726,41189
269.2,4028.5,7.18,22452,68640,1.44,6,302,32,46,23457,292,0,296,831,35192,5484,6.417213713,0.155830871,40676
269.3,4029.8,7.17,22594,69564,1.42,0,254,51,0,23560,264,0,119,749,35773,5935,6.027464195,0.165907248,41708
269.4,4031.2,7.15,22681,66967,1.29,9,199,9,42,19601,369,0,262,846,36480,6048,6.031746032,0.165789474,42528
269.6,4033.9,7.08,23483,67608,1.38,0,195,32,20,19261,360,0,215,722,38171,6018,6.342804919,0.157658956,44189
269.7,4035.2,7.08,24476,71267,1.63,12,241,47,20,21408,323,0,336,686,38891,5983,6.50025071,0.15384022,44874
269.8,4036.7,7.1,24012,69152,1.56,11,308,36,43,19462,254,86,321,753,38455,6020,6.387873754,0.156546613,44475
269.9,4038.1,7.12,23367,66198,1.37,19,280,41,29,18054,208,0,294,946,37500,6046,6.202447899,0.161226667,43546
270,4039.3,7.12,23403,64198,1.4,21,340,53,71,15853,191,193,156,736,37942,5785,6.558686258,0.152469559,43727
270.1,4040.8,7.11,23121,63231,1.44,34,367,20,89,16241,136,0,336,524,36804,5720,6.434265734,0.155417889,42524
270.2,4042.4,7.09,22698,64906,1.4,11,292,58,30,17540,12,0,347,794,37068,5967,6.212166918,0.160974425,43035
270.3,4043.8,7.07,22905,63717,1.37,0,248,44,27,15286,0,0,357,844,38308,5851,6.547256879,0.152735721,44159
270.4,4045,7.03,22894,64160,1.28,12,327,53,37,15445,67,0,498,731,38052,5847,6.507952796,0.153658152,43899
270.5,4046.5,7.02,21617,59659,1.35,19,273,35,23,10987,102,97,405,845,38431,5996,6.409439626,0.15601988,44427
270.6,4047.9,7.01,22955,64099,1.41,9,198,60,27,13983,290,0,469,575,39792,5987,6.646400534,0.150457378,45779
270.7,4049.3,7.01,24514,73108,1.33,10,256,41,36,20996,262,77,426,860,40464,6263,6.460801533,0.154779557,46727
270.8,4050.7,7.04,23514,67723,1.4,8,298,72,8,17202,142,18,290,835,39737,6176,6.434099741,0.155421899,45913
271,4053.7,7.11,23468,63080,1.27,18,186,0,13,11814,111,146,322,871,40339,6222,6.483285117,0.154242792,46561
271.1,4055,7.12,23905,65617,1.38,0,277,19,43,15338,119,0,305,850,39196,6053,6.475466711,0.154429023,45249
271.2,4056.3,7.14,22482,58820,1.29,0,316,22,80,10923,83,192,250,747,37466,5677,6.599612471,0.151524048,43143
271.3,4057.9,7.16,21422,57274,1.34,18,310,0,45,11554,153,87,306,809,35678,5576,6.398493544,0.156286787,41254
271.4,4059.2,7.16,20778,56618,1.23,0,237,30,15,11561,294,0,198,730,35204,5706,6.169645987,0.162083854,40910
271.5,4060.7,7.16,21174,58889,1.3,0,237,9,0,13427,288,117,195,753,35687,5816,6.136004127,0.162972511,41503
271.6,4062,7.16,21751,59585,1.37,13,229,0,11,12607,251,5,228,835,36603,6158,5.943975317,0.168237576,42761
271.7,4063.6,7.15,22363,64375,1.29,13,230,35,33,16749,486,0,334,706,36940,5771,6.400970369,0.156226313,42711
271.8,4065,7.16,21274,59976,1.38,0,189,22,19,14046,363,0,197,563,36071,5805,6.213781223,0.160932605,41876
271.9,4066.4,7.17,21932,62877,1.35,28,254,28,33,15168,574,149,300,784,36946,5703,6.478344731,0.154360418,42649
272,4067.4,7.17,22439,61482,1.24,11,179,0,44,13231,534,27,130,723,38140,5760,6.621527778,0.151022549,43900
272.1,4068.7,7.16,22821,63611,1.29,0,209,32,58,13790,464,86,159,788,38777,6137,6.318559557,0.158263919,44914
272.2,4070.2,7.16,23007,62997,1.31,9,154,32,0,12102,612,165,275,731,39779,6333,6.281225328,0.159204605,46112
272.3,4071.8,7.18,24226,65074,1.38,21,206,26,59,12053,693,0,367,704,41010,6732,6.091800357,0.164155084,47742
272.4,4073.5,7.2,23918,65349,1.45,0,222,49,4,13164,609,67,221,836,40803,6358,6.417584146,0.155821876,47161
272.5,4074.7,7.22,22664,60325,1.62,0,223,16,43,10381,534,0,245,653,39429,5933,6.645710433,0.150473002,45362
272.6,4076.2,7.24,22473,60494,1.34,5,210,15,48,11948,573,24,253,539,38428,5930,6.480269815,0.154314562,44358
272.7,4077.5,7.23,22643,60396,1.4,7,224,23,40,10370,485,0,341,725,39325,5953,6.605912985,0.15137953,45278
272.8,4079.3,7.2,23292,62100,1.56,23,231,10,37,11208,448,6,347,677,39955,6221,6.422600868,0.155700163,46176
272.9,4080.7,7.17,23348,62164,1.36,8,238,13,25,11115,483,42,231,968,39957,6365,6.27761194,0.159296243,46322
273,4082.1,7.15,23956,63548,1.31,26,225,23,10,10782,465,0,298,884,41264,6624,6.229468599,0.160527336,47888
273.1,4083.5,7.15,24405,65662,1.41,6,230,0,32,11844,442,7,322,862,42239,6832,6.182523419,0.161746253,49071
273.2,4084.9,7.15,24476,66250,1.37,13,252,30,8,13186,518,0,223,852,41759,6306,6.622105931,0.151009363,48065
273.3,4086.3,7.16,23816,64909,1.35,0,280,28,23,12753,503,0,430,824,40355,6697,6.025832462,0.165952174,47052
273.4,4087.7,7.18,23065,63143,1.26,12,189,0,40,11998,475,0,184,947,40405,6390,6.323161189,0.158148744,46795
273.5,4089.1,7.18,24077,64980,1.29,0,227,39,0,11576,487,0,317,972,42146,6454,6.530213821,0.153134343,48600
273.6,4090.4,7.18,24176,65142,1.39,27,269,25,5,11639,454,47,341,687,41866,6454,6.486829873,0.154158506,48320
273.7,4091.7,7.2,24384,67389,1.26,9,274,40,24,13377,589,88,212,956,42141,6487,6.496223216,0.153935597,48628
273.8,4093.1,7.22,24128,65539,1.37,0,245,46,37,12482,445,32,455,878,41735,6419,6.501791556,0.153803762,48154
273.9,4094.6,7.23,24322,64784,1.25,19,249,42,39,11952,406,88,263,951,41722,6315,6.606809184,0.151358995,48037
274,4095.9,7.23,23585,60582,1.34,27,264,49,37,7970,350,11,302,777,42142,6226,6.768711854,0.147738598,48368
274.1,4097.5,7.24,23312,58784,1.36,30,220,0,34,6755,260,24,198,1060,41506,6139,6.761035999,0.147906327,47645
274.2,4098.9,7.25,23677,61191,1.38,28,308,0,27,8348,255,70,241,979,41743,6480,6.441820988,0.155235608,48223
274.3,4100.3,7.27,22929,59438,1.28,6,276,43,58,8911,344,0,220,714,40262,6301,6.3897794,0.156499925,46563
274.4,4101.6,7.29,21745,55290,1.45,4,211,33,63,5357,163,0,235,852,40028,5993,6.679125647,0.149720196,46021
274.5,4102.9,7.29,22485,57335,1.29,12,236,0,24,5990,239,26,285,934,40374,6165,6.548905109,0.15269728,46539
274.6,4104.4,7.27,23337,57700,1.42,0,256,33,25,5423,170,0,175,708,41688,6317,6.599335127,0.151530416,48005
274.7,4105.8,7.25,22722,55260,1.25,0,254,51,24,4749,29,16,150,830,40655,6082,6.68447879,0.149600295,46737
274.8,4107.3,7.24,23188,56758,1.29,0,243,43,17,4068,108,65,297,991,41966,6380,6.577742947,0.152027832,48346
274.9,4108.9,7.23,23237,56808,1.35,20,327,43,24,4516,96,0,377,916,41199,6328,6.510587863,0.153595961,47527
275,4110.3,7.23,22606,56266,1.26,17,237,14,49,4430,187,0,338,929,41187,6307,6.530363089,0.153130842,47494
275.1,4111.5,7.24,23096,56727,1.42,12,268,52,59,5587,136,98,267,768,40761,6176,6.59990285,0.151517382,46937
275.2,4113.1,7.22,23493,59385,1.39,19,247,64,49,6931,312,73,264,811,41417,6647,6.230931247,0.160489654,48064
275.3,4114.5,7.21,23787,60959,1.33,22,293,26,40,9911,232,19,203,792,40305,6484,6.216070327,0.160873341,46789
275.4,4115.9,7.21,22672,59801,1.36,0,261,18,20,9880,295,0,385,793,39586,6234,6.350016041,0.157479917,45820
275.5,4117.1,7.23,22109,57125,1.38,8,152,32,15,7189,410,0,141,666,39993,6229,6.420452721,0.155752257,46222
275.6,4118.3,7.24,23400,59700,1.43,6,154,13,0,8397,280,5,200,708,40864,6448,6.337468983,0.157791699,47312
275.7,4119.4,7.25,24062,63798,1.53,0,289,100,11,12322,543,122,123,666,40371,6470,6.239721793,0.160263556,46841
275.8,4120.7,7.28,23066,61647,1.19,15,272,13,68,12379,500,0,317,718,38544,6120,6.298039216,0.158779577,44664
275.9,4121.9,7.29,22569,60740,1.34,18,277,32,31,11752,375,53,164,708,38822,6051,6.415799041,0.155865231,44873
276,4123.4,7.28,22169,58383,1.32,27,248,23,22,9275,166,45,238,876,39160,6073,6.448213404,0.155081716,45233
276.1,4124.6,7.26,22643,59992,1.27,9,178,25,15,9714,309,0,435,850,39328,6074,6.474810668,0.15444467,45402
276.2,4125.8,7.25,23510,63850,1.45,20,194,41,54,13587,317,19,183,793,39363,6389,6.161058069,0.162309783,45752
276.3,4127.2,7.26,23173,60966,1.35,0,186,27,26,11864,301,0,210,683,39127,5712,6.849964986,0.145986148,44839
276.4,4128.5,7.28,23003,62274,1.32,12,212,17,11,11484,322,0,459,673,39969,6264,6.380747126,0.156721459,46233
276.5,4129.8,7.3,23233,61833,1.32,9,171,36,31,11361,386,67,464,877,39468,6265,6.299760575,0.158736191,45733
276.6,4131.2,7.31,23349,63092,1.37,12,198,17,12,12374,273,47,355,729,39831,6077,6.554385388,0.152569607,45908
276.7,4132.6,7.31,22923,60505,1.29,7,216,35,9,11557,231,59,247,785,38672,6129,6.309675314,0.15848676,44801
276.8,4134,7.3,22689,60472,1.36,14,197,55,36,10341,221,47,314,868,39786,6103,6.519088973,0.153395667,45889
276.9,4135.1,7.29,23613,62502,1.38,11,234,22,17,12124,395,0,209,875,39640,6272,6.320153061,0.158224016,45912
277,4136.5,7.28,23954,64375,1.45,19,267,45,56,13612,344,55,151,663,40140,6220,6.453376206,0.154957648,46360
277.1,4137.8,7.28,22854,60779,1.45,14,265,35,58,11546,343,0,33,888,38887,5948,6.537827841,0.152956001,44835
277.2,4138.9,7.27,22807,60467,1.47,10,224,5,24,10489,345,150,473,586,39199,6108,6.417648985,0.155820302,45307
277.3,4140.2,7.26,22948,60252,1.31,21,196,46,29,9747,310,0,241,919,39963,6168,6.479085603,0.154342767,46131
277.4,4141.4,7.24,23201,60571,1.45,35,235,31,24,10445,313,0,192,681,39788,6253,6.363025748,0.157157937,46041
277.5,4142.5,7.26,23586,62683,1.44,22,240,29,29,11968,267,33,316,735,40079,6460,6.204179567,0.161181666,46539
277.6,4144,7.27,23315,62461,1.42,0,251,45,37,12222,344,19,268,728,39580,6125,6.462040816,0.154749874,45705
277.7,4145.6,7.3,22986,60506,1.43,0,180,7,0,10447,348,83,429,702,39391,6310,6.242630745,0.160188876,45701
277.8,4147,7.33,23181,62308,1.34,0,180,28,40,12138,369,0,389,726,39358,6282,6.265202165,0.159611769,45640
277.9,4148.4,7.36,22388,60463,1.54,25,245,24,47,12255,287,21,319,764,37760,6088,6.202365309,0.161228814,43848
278,4149.7,7.37,21878,60416,1.42,0,173,11,29,12934,280,0,207,798,37275,6204,6.008220503,0.166438632,43479
278.1,4151,7.39,21580,58356,1.38,13,174,32,8,11086,286,29,205,997,37086,5814,6.37874097,0.156770749,42900
278.2,4152.5,7.39,22214,60598,1.57,0,208,32,40,12654,381,13,359,860,38205,5654,6.75716307,0.147991101,43859
278.3,4154,7.37,22671,61584,1.41,19,208,39,55,12710,354,30,309,783,38788,6000,6.464666667,0.154687017,44788
278.4,4155.3,7.37,23367,64326,1.63,20,231,50,57,14106,370,121,269,897,39303,5917,6.642386344,0.150548304,45220
278.5,4156.5,7.36,23478,63237,1.28,7,222,21,12,13998,332,56,189,808,39156,6082,6.438013811,0.155327408,45238
278.6,4157.8,7.34,23898,64520,1.3,0,238,28,53,13965,429,0,407,646,39669,6222,6.3756027,0.156847917,45891
278.7,4159,7.32,23595,61262,1.47,0,236,62,60,12173,265,0,361,702,38925,6019,6.4670211,0.1546307,44944
278.8,4160.5,7.31,23015,60616,1.42,15,204,44,47,11549,343,0,358,912,38699,5920,6.536993243,0.152975529,44619
278.9,4162,7.3,21957,57372,1.28,24,186,38,12,9680,287,79,175,680,38321,5731,6.686616646,0.149552465,44052
279,4163.4,7.28,23233,62043,1.48,17,241,12,39,13097,448,0,330,716,38596,5897,6.545022893,0.152787854,44493
279.1,4164.6,7.27,23077,61918,1.37,0,220,17,43,12515,432,5,260,827,38471,6263,6.142583426,0.162797952,44734
279.2,4166,7.27,23118,61691,1.38,0,198,42,44,11470,260,15,303,894,39743,6329,6.279507031,0.159248169,46072
279.3,4167.3,7.26,23581,63987,1.31,0,210,22,6,13025,423,101,388,643,40024,6271,6.382395152,0.156680991,46295
279.4,4168.4,7.26,23529,63032,1.43,11,205,49,74,12158,386,96,163,896,39657,6495,6.105773672,0.163779408,46152
279.5,4169.8,7.27,23732,63734,1.42,12,237,28,32,12370,353,0,261,780,40322,6552,6.154151404,0.16249194,46874
279.6,4171,7.28,24131,65003,1.47,0,214,35,15,13592,411,84,421,698,40724,6158,6.613186099,0.151213044,46882
279.7,4172.4,7.29,23748,64586,1.44,15,212,0,35,13832,307,0,148,688,40225,6300,6.384920635,0.156619018,46525
279.8,4173.8,7.3,22906,63508,1.5,8,209,11,38,12885,431,0,404,798,39784,6253,6.362386055,0.157173738,46037
279.9,4175,7.31,22502,61449,1.35,10,230,30,65,12499,305,64,264,740,38370,6066,6.325420376,0.15809226,44436
280,4176.4,7.31,22606,60986,1.3,18,239,22,40,12017,328,0,439,817,38862,5804,6.695727085,0.149348978,44666
280.1,4177.8,7.31,22478,61640,1.53,0,227,42,38,13448,294,42,381,770,37717,6152,6.130851756,0.163109473,43869
280.2,4179.2,7.29,22593,61068,1.49,6,218,26,33,12284,377,112,334,703,38427,6059,6.342135666,0.157675593,44486
280.3,4180.7,7.27,22700,61289,1.34,13,256,10,29,13227,538,0,201,646,37665,6015,6.261845387,0.159697332,43680
280.4,4181.9,7.25,22666,63192,1.48,4,273,37,18,15940,560,0,191,681,37301,5345,6.978671656,0.143293745,42646
280.5,4183.5,7.25,21784,59137,1.38,15,193,13,13,11644,378,106,409,839,37582,5645,6.657573074,0.150204885,43227
280.6,4184.8,7.23,22969,63390,1.32,26,233,31,43,14634,507,24,270,627,38335,5813,6.594701531,0.151636885,44148
280.7,4186.2,7.19,23024,62516,1.38,0,254,53,34,14852,360,0,122,860,37669,5936,6.345855795,0.157583159,43605
280.8,4187.7,7.18,23007,63294,1.3,17,244,33,14,14884,374,0,240,582,38301,6162,6.215676728,0.160883528,44463
280.9,4188.9,7.18,22852,63456,1.5,24,278,58,48,13229,406,0,306,743,39377,6288,6.262245547,0.159687127,45665
281,4190.3,7.19,23089,63788,1.35,5,330,32,34,13870,376,148,300,842,39223,5874,6.677391896,0.14975907,45097
281.1,4191.5,7.22,22925,61640,1.36,32,311,38,30,12304,264,10,280,549,38866,6235,6.233520449,0.160422992,45101
281.2,4192.9,7.25,22605,61519,1.39,10,255,47,26,11694,167,0,409,680,39216,6170,6.355915721,0.157333741,45386
281.3,4194.3,7.25,22676,59887,1.32,0,284,13,16,10460,133,29,323,836,39048,6029,6.476695969,0.154399713,45077
281.4,4195.5,7.24,23134,61073,1.25,10,252,26,97,11358,121,0,175,669,39207,6331,6.192860528,0.161476267,45538
281.5,4196.7,7.21,22802,60019,1.31,17,215,8,14,9859,211,0,319,736,39910,6202,6.435020961,0.155399649,46112
281.6,4197.9,7.21,22906,62444,1.41,14,213,57,42,12212,238,0,327,832,39211,6245,6.278783026,0.159266532,45456
281.7,4199.3,7.2,22829,61191,1.23,6,240,29,37,11968,233,91,130,719,38907,6145,6.331489015,0.15794073,45052
281.8,4200.7,7.17,22896,62528,1.37,24,247,12,6,12604,337,0,351,815,38965,6121,6.365789904,0.157089696,45086
281.9,4202.1,7.16,22273,63196,1.45,15,262,43,43,15226,363,128,205,786,36996,6195,5.971912833,0.167450535,43191
282,4203.4,7.16,22059,61047,1.35,0,282,22,0,14245,365,0,387,796,36535,5963,6.126949522,0.163213357,42498
282.1,4204.7,7.18,21518,59650,1.34,8,315,53,16,14318,320,99,231,698,35673,5558,6.418315941,0.15580411,41231
282.2,4205.9,7.21,20668,56497,1.38,6,215,17,33,11307,334,0,177,668,35724,5690,6.278383128,0.159276677,41414
282.3,4207.1,7.25,21932,60403,1.37,0,213,28,32,12925,440,48,236,825,37288,5868,6.354464894,0.157369663,43156
282.4,4208.5,7.27,22472,63100,1.37,17,227,18,45,15398,498,130,127,861,37233,5819,6.398522083,0.15628609,43052
282.5,4209.8,7.28,22050,61732,1.39,0,180,22,14,14245,547,0,274,789,36811,5893,6.24656372,0.160088017,42704
282.6,4211.1,7.31,22067,60651,1.3,0,224,28,53,13157,564,41,271,785,36817,5800,6.347758621,0.157535921,42617
282.7,4212.3,7.33,21742,60623,1.46,0,174,35,34,13216,497,0,234,808,37140,5965,6.226320201,0.160608508,43105
282.8,4213.8,7.34,22146,61472,1.41,0,195,55,75,13408,444,0,131,712,37744,6185,6.102506063,0.163867105,43929
282.9,4215,7.35,21949,60289,1.27,9,167,10,32,12622,426,0,260,707,37392,5982,6.250752257,0.159980745,43374
283,4216.5,7.34,22330,62394,1.27,6,179,20,31,14321,509,62,252,710,37609,5906,6.367930918,0.157036879,43515
283.1,4217.8,7.33,22826,63426,1.41,0,220,49,0,15350,296,0,227,624,37835,6170,6.132090762,0.163076516,44005
283.2,4219,7.33,22592,63807,1.41,0,215,56,26,15441,444,183,375,860,37616,5998,6.271423808,0.159453424,43614
283.3,4220.2,7.33,23201,67313,1.38,4,272,49,39,19643,276,0,216,701,37531,5919,6.340767021,0.157709627,43450
283.4,4221.5,7.33,22521,65641,1.48,0,226,26,24,18643,228,0,260,888,36809,6000,6.134833333,0.163003613,42809
283.5,4222.7,7.31,22538,63971,1.32,15,206,37,16,16864,172,143,104,748,37194,5974,6.225979243,0.160617304,43168
283.6,4224.2,7.3,22721,63738,1.35,16,263,32,47,16159,277,0,333,454,37446,5950,6.293445378,0.158895476,43396
283.7,4225.6,7.29,22611,62694,1.44,16,190,78,49,13917,295,0,308,764,38168,6139,6.217299234,0.160841543,44307
283.8,4226.6,7.31,23452,63639,1.5,0,209,6,45,14416,294,0,233,690,38936,6135,6.346536267,0.157566263,45071
283.9,4228.1,7.34,23095,63532,1.4,22,229,31,60,14748,260,15,214,709,38483,5899,6.523648076,0.153288465,44382
284,4229.5,7.36,23032,64588,1.38,8,239,13,51,17467,218,45,249,816,37005,6085,6.081347576,0.164437238,43090
284.1,4230.8,7.37,22531,64397,1.5,12,252,45,34,17615,238,0,280,614,36549,6020,6.071262458,0.164710389,42569
284.2,4232.3,7.36,22383,63075,1.58,24,262,40,75,15895,154,0,279,692,36672,6063,6.048490846,0.165330497,42735
284.3,4233.8,7.33,22437,62719,1.39,7,210,49,27,14845,273,0,139,796,37784,6022,6.274327466,0.159379632,43806
284.4,4235,7.33,23149,65595,1.44,0,214,38,18,16860,176,0,143,894,38742,6123,6.327290544,0.158045532,44865
284.5,4236.4,7.34,23937,69940,1.4,12,186,51,0,19259,336,0,447,816,39689,6419,6.183050319,0.16173247,46108
284.6,4237.8,7.35,24129,70199,1.49,0,255,90,13,20447,379,0,246,911,38820,6329,6.133670406,0.163034518,45149
284.7,4239.2,7.36,23450,65839,1.51,38,263,33,30,16960,238,0,195,813,38553,6088,6.332621551,0.157912484,44641
284.8,4240.5,7.37,23130,66089,1.36,24,292,65,27,18188,215,33,99,692,37780,6101,6.192427471,0.16148756,43881
284.9,4241.7,7.37,22841,66117,1.33,0,237,31,20,18329,256,7,368,862,37221,6002,6.201432856,0.161253056,43223
285,4243,7.36,23182,65659,1.35,0,245,24,36,17797,188,0,209,880,37857,6066,6.240850643,0.160234567,43923
285.1,4244.6,7.34,22878,65465,1.5,0,268,61,44,18582,233,12,87,667,37149,5735,6.477593723,0.154378314,42884
285.2,4246,7.33,21817,63205,1.37,0,195,65,26,17625,211,60,104,722,35589,5893,6.03919905,0.165584872,41482
285.3,4247.5,7.33,22705,65009,1.28,0,218,51,61,18595,128,142,329,767,36533,5756,6.346942321,0.157556182,42289
285.4,4248.8,7.33,22896,65055,1.54,0,208,32,7,18183,119,0,250,762,37140,5876,6.320626276,0.15821217,43016
285.5,4250.2,7.33,22953,64148,1.27,6,186,14,23,16278,163,0,253,841,38014,5891,6.452894245,0.154969222,43905
285.6,4251.7,7.33,23696,71403,1.32,0,251,35,31,22832,193,0,406,717,37909,6125,6.18922449,0.161571131,44034
285.7,4253.1,7.32,23417,68488,1.42,0,245,11,44,20594,147,110,228,705,37815,5861,6.451970653,0.154991406,43676
285.8,4254.3,7.31,23842,69474,1.35,6,234,20,56,19539,95,133,268,888,39113,6288,6.220260814,0.160764963,45401
285.9,4255.9,7.28,24639,71294,1.38,18,239,54,28,20822,106,0,202,782,39660,6440,6.158385093,0.162380232,46100
286,4257.2,7.26,24378,70574,1.24,0,242,27,44,20787,140,0,129,843,39416,6136,6.423728814,0.155672823,45552
286.1,4258.5,7.27,23226,65422,1.42,6,254,80,34,16458,46,51,340,769,38661,6099,6.338908018,0.157755878,44760
286.2,4259.9,7.27,22167,62222,1.51,0,230,0,41,15091,77,16,287,892,37322,5975,6.246359833,0.160093243,43297
286.3,4261.3,7.25,21623,61089,1.37,6,258,21,16,14790,0,82,262,700,36636,5774,6.344994804,0.157604542,42410
286.4,4262.6,7.23,21906,60715,1.3,16,228,50,25,14065,0,51,265,785,36912,5902,6.254151135,0.159893801,42814
286.5,4264.1,7.23,21970,59222,1.31,11,260,21,23,12963,88,0,212,608,36867,5797,6.359668794,0.157240893,42664
286.6,4265.5,7.23,22422,63153,1.33,0,219,40,0,15249,0,75,322,937,37339,6003,6.220056638,0.16077024,43342
286.7,4266.8,7.24,22675,62243,1.34,0,189,9,17,13022,91,46,382,1009,38808,5889,6.589913398,0.151747062,44697
286.8,4268.1,7.25,23714,65163,1.23,0,165,21,4,14414,28,40,374,830,40107,6209,6.459494282,0.154810881,46316
286.9,4269.4,7.26,23676,64444,1.38,19,285,54,21,14359,90,0,121,892,39681,6114,6.490186457,0.154078778,45795
287.2,4273.3,6.87,23893,71118,1.35,28,300,63,60,21394,98,0,448,882,38385,6281,6.111288011,0.163631627,44666
287.3,4274.6,6.88,23706,73129,1.51,11,277,45,31,24876,222,23,408,827,37048,6016,6.158244681,0.162383934,43064
287.4,4275.8,6.89,23602,74685,1.51,4,315,35,28,28000,361,77,240,756,35798,5901,6.066429419,0.164841611,41699
287.5,4277.2,6.89,21939,68493,1.29,23,368,51,55,25592,317,0,385,571,32773,5552,5.902917867,0.169407744,38325
287.6,4278.4,6.88,19627,59271,1.39,20,228,40,8,17965,258,0,311,584,32237,5310,6.070998117,0.164717561,37547
287.7,4279.7,6.87,20303,64653,1.43,13,305,41,64,23522,186,0,348,687,31727,5452,5.819332355,0.171841019,37179
287.8,4280.9,6.88,20004,65091,1.4,11,202,68,35,24467,260,13,269,528,31566,5227,6.039028123,0.165589558,36793
287.9,4282.2,6.91,21661,74730,1.46,10,195,50,17,34122,166,33,334,650,31473,5409,5.818635607,0.171861596,36882
288,4283.7,6.95,21368,70397,1.35,5,183,10,32,29756,193,5,185,663,31368,5504,5.699127907,0.175465442,36872
288.1,4285.1,6.98,20682,63792,1.51,10,168,10,58,22911,183,77,214,594,31690,5562,5.697590795,0.17551278,37252
288.2,4286.4,7.01,20776,63302,1.48,0,184,30,34,22720,96,101,202,490,31421,5392,5.827336795,0.171604978,36813
288.3,4287.8,7.02,20941,65774,1.79,0,184,76,25,25248,171,0,161,504,31277,5385,5.808170845,0.172171244,36662
288.4,4289.1,7.04,21348,69419,1.44,5,187,55,24,28914,227,10,262,651,30628,5431,5.639477076,0.177321405,36059
288.5,4290.6,7.04,21136,67225,1.54,13,248,17,44,26100,252,0,203,623,31107,5598,5.556806002,0.179959495,36705
288.6,4291.9,7.05,21247,66458,1.54,0,213,47,27,25501,226,78,251,681,31342,5484,5.715171408,0.17497288,36826
288.7,4293.2,7.05,21086,68128,1.32,9,223,41,33,27870,318,0,300,646,30183,5561,5.427620931,0.184242786,35744
288.8,4294.5,7.06,21101,68702,1.55,0,207,0,10,30199,245,0,225,579,29307,5290,5.540075614,0.180502952,34597
288.9,4295.9,7.06,20916,72025,1.59,17,224,71,11,34138,400,0,341,625,28214,5173,5.454088537,0.183348692,33387
289,4297.4,7.05,20162,67241,1.48,0,222,15,52,30586,337,29,161,475,27549,5140,5.359727626,0.186576645,32689
289.1,4298.8,7.06,20896,73207,1.43,16,224,34,34,36560,345,0,130,322,27907,4986,5.597071801,0.178664851,32893
289.2,4300.4,7.06,20710,76010,1.48,6,191,0,46,40149,287,42,296,390,26739,5215,5.127325024,0.195033472,31954
289.3,4301.6,7.06,20230,72454,1.41,6,178,29,42,36726,430,14,319,390,26413,4781,5.524576448,0.181009351,31194
289.4,4303,7.05,20556,73447,1.57,0,195,58,53,37816,474,7,260,515,26542,4962,5.349052801,0.186948987,31504
289.5,4304.4,7.06,21289,78675,1.44,0,206,24,33,42121,544,101,276,410,26906,4994,5.387665198,0.185609158,31900
289.6,4305.8,7.06,21078,80334,1.58,6,200,35,12,44874,355,0,262,444,26338,5033,5.233061792,0.191092718,31371
289.7,4307.3,7.08,21747,88360,1.53,0,257,50,74,53113,404,0,213,522,26157,4806,5.442571785,0.183736667,30963
289.8,4308.5,7.09,21414,86677,1.4,17,242,40,39,51448,517,47,239,507,25741,5113,5.034422061,0.198632532,30854
289.9,4309.8,7.09,21760,89124,1.49,0,177,35,62,54240,389,0,87,470,26001,4991,5.209577239,0.191954156,30992
290,4311.3,7.08,21965,91054,1.53,6,211,27,34,57795,238,14,159,331,24996,4735,5.278986272,0.189430309,29731
290.1,4312.6,7.09,21760,93099,1.5,0,238,25,48,60173,187,51,265,310,24377,4714,5.171192193,0.193379005,29091
290.2,4314,7.08,21270,89370,1.53,5,212,39,61,56408,186,0,142,415,24647,4760,5.177941176,0.193126953,29407
290.3,4315.5,7.06,21696,92826,1.59,0,226,11,14,59985,194,0,226,499,24489,4658,5.257406612,0.190207848,29147
290.4,4316.8,7.03,21412,90848,1.61,0,201,52,29,57280,246,0,153,558,24860,4770,5.211740042,0.191874497,29630
290.5,4318.2,7.03,22767,96503,1.57,13,206,25,38,60843,203,0,262,459,26953,5159,5.224462105,0.191407264,32112
290.6,4319.6,7.05,22371,90135,1.54,6,187,24,16,52985,161,0,313,553,28055,5376,5.218563988,0.191623597,33431
290.7,4320.9,7.06,22935,90791,1.46,0,222,0,59,52303,292,143,369,524,28827,5326,5.412504694,0.184757346,34153
290.8,4322.3,7.08,22198,81312,1.43,0,212,24,35,42614,95,70,343,486,29671,5271,5.629102637,0.177648209,34942
290.9,4323.8,7.09,21757,75019,1.4,0,237,42,29,35392,85,0,344,538,30447,5205,5.849567723,0.170952803,35652
291,4325,7.11,21567,73761,1.4,10,240,18,35,34299,12,0,245,472,30556,5103,5.987850284,0.167004844,35659
291.1,4326.5,7.12,20998,70776,1.45,0,187,39,64,32599,79,0,226,540,29644,5033,5.889926485,0.169781406,34677
291.2,4327.8,7.12,21140,69142,1.48,0,225,31,20,29999,80,57,172,546,30408,5116,5.94370602,0.168245199,35524
291.3,4329.1,7.12,21564,70792,1.38,0,194,17,34,31482,57,0,125,600,30686,5164,5.942292796,0.168285211,35850
291.4,4330.7,7.11,21179,72457,1.48,0,214,46,50,33649,0,61,383,540,29764,5232,5.68883792,0.175782825,34996
291.5,4332.1,7.12,20895,72581,1.37,13,198,56,48,34624,295,16,278,597,28604,5127,5.579091086,0.179240666,33731
291.6,4333.4,7.13,20733,73091,1.54,0,192,38,24,36135,207,134,324,421,27758,5144,5.396189736,0.185315945,32902
291.7,4334.8,7.13,20743,70361,1.49,0,207,47,56,31796,131,8,293,528,29234,5207,5.614365278,0.178114524,34441
291.8,4336.2,7.14,21067,68789,1.54,13,203,80,37,29412,160,0,251,489,30164,5393,5.59317634,0.178789285,35557
291.9,4337.5,7.14,20599,65394,1.44,0,215,23,14,25772,162,52,301,571,30225,5463,5.532674355,0.180744417,35688
292,4339,7.14,21307,68850,1.61,0,229,23,0,28426,50,0,352,471,31092,5536,5.61632948,0.178052232,36628
292.1,4340.4,7.16,21773,71715,1.41,0,207,26,38,30796,148,30,392,625,31103,5620,5.534341637,0.180689966,36723
292.2,4341.9,7.16,21588,72488,1.27,0,231,0,36,32772,187,24,223,547,30452,5288,5.758698941,0.173650335,35740
292.3,4343,7.16,21553,74322,1.55,0,249,37,41,34795,163,0,288,569,30207,5315,5.683349012,0.175952594,35522
292.4,4344.4,7.17,21666,74026,1.41,5,244,30,49,33758,53,0,363,389,30901,5312,5.817206325,0.171903822,36213
292.5,4345.8,7.18,21446,73685,1.46,8,208,21,22,33814,72,0,229,612,30715,5124,5.994340359,0.166824027,35839
292.6,4347.1,7.19,21499,74298,1.42,6,251,32,37,34772,137,0,397,523,30008,5122,5.858648965,0.170687817,35130
292.7,4348.5,7.19,22019,75419,1.48,0,214,46,35,34134,202,0,349,638,31257,5443,5.742605181,0.174136993,36700
292.8,4349.8,7.2,21942,72657,1.65,0,164,0,28,31963,142,0,269,601,31086,5553,5.598055105,0.178633468,36639
292.9,4350.9,7.2,21741,71217,1.83,0,182,52,35,30016,208,105,377,602,31364,5540,5.661371841,0.176635633,36904
293,4352.4,7.21,21846,72544,1.49,4,194,68,39,31315,103,0,280,538,31689,5379,5.891243726,0.169743444,37068
293.1,4353.7,7.21,21819,70491,1.39,0,190,50,33,28942,144,96,606,380,31481,5480,5.744708029,0.174073251,36961
293.2,4355.1,7.2,21768,69197,1.5,0,218,20,27,27534,240,54,471,559,31725,5536,5.730671965,0.174499606,37261
293.3,4356.7,7.19,21988,70340,1.51,0,228,41,37,28474,197,0,268,617,32679,5450,5.996146789,0.166773769,38129
293.4,4358.1,7.19,22622,73053,1.5,0,203,26,50,31146,332,0,227,606,32359,5327,6.074526,0.164621898,37686
293.5,4359.9,7.19,22216,71970,1.43,88,309,121,81,29402,391,129,423,550,32040,5699,5.622038954,0.177871411,37739
293.6,4361.4,7.2,22423,73095,1.48,7,269,59,25,30503,407,63,288,644,32319,5637,5.733368813,0.174417525,37956
293.7,4362.8,7.21,22686,78906,1.53,0,249,41,50,36479,303,0,303,552,32221,5646,5.706872122,0.175227336,37867
293.8,4364.1,7.23,23278,86340,1.45,0,265,31,22,45530,217,39,322,604,31187,5456,5.716092375,0.174944688,36643
293.9,4365.2,7.23,22600,77538,1.37,6,201,35,62,35843,296,0,401,644,31939,5438,5.873299007,0.170262062,37377
294,4366.6,7.24,23413,80108,1.53,18,218,0,39,37259,316,6,402,461,33217,5654,5.874955784,0.170214047,38871
294.1,4368,7.23,22981,75856,1.5,0,229,54,22,32095,332,0,362,672,33704,5591,6.028259703,0.165885355,39295
294.2,4369.4,7.24,22712,73602,1.55,0,207,33,9,31149,342,0,230,543,32974,5689,5.796097732,0.172529872,38663
294.3,4370.6,7.24,23599,82894,1.54,7,220,60,26,38539,327,109,278,856,33740,5722,5.896539671,0.16959099,39462
294.4,4372,7.23,23910,83349,1.41,0,238,55,26,39553,276,0,294,700,33653,5733,5.870050584,0.170356283,39386
294.5,4373.4,7.23,22920,70643,1.43,15,234,19,69,26789,332,0,344,561,33967,5738,5.919658418,0.168928666,39705
294.6,4374.6,7.21,22874,70747,1.36,0,258,26,77,26074,559,13,245,567,34393,5768,5.962725381,0.167708545,40161
294.7,4376,7.2,22574,69874,1.35,5,237,21,45,24882,422,66,453,707,34275,5590,6.131484794,0.163092633,39865
294.8,4377,7.19,22570,69077,1.46,6,270,37,52,25263,520,0,334,548,33243,5709,5.822911193,0.171735403,38952
294.9,4378.2,7.18,22868,72676,1.51,18,265,28,66,29216,355,34,384,571,33014,5614,5.880655504,0.17004907,38628
295,4379.5,7.17,21615,67642,1.55,28,241,43,56,25701,363,0,366,592,32035,5556,5.765838733,0.173435305,37591
295.1,4380.9,7.16,22192,70126,1.41,0,232,35,55,26927,339,0,418,656,33033,5511,5.994011976,0.166833167,38544
295.2,4382.4,7.16,22454,70985,1.33,0,237,38,48,28960,258,37,294,571,32298,5473,5.901333821,0.169453217,37771
295.3,4383.7,7.16,22408,72118,1.5,15,265,42,28,29330,304,30,232,640,32735,5572,5.874910266,0.170215366,38307
295.4,4385,7.16,22066,70791,1.46,0,193,0,40,27049,392,196,428,683,33363,5717,5.835753017,0.171357492,39080
295.5,4386.4,7.17,21833,67228,1.54,9,173,34,15,23916,317,63,332,555,33483,5633,5.944079531,0.168234627,39116
295.6,4387.7,7.16,21655,65336,1.43,0,202,49,52,22388,232,40,396,568,33174,5308,6.249811605,0.160004823,38482
295.7,4389.1,7.16,21529,64502,1.43,8,181,18,26,21034,169,0,360,466,33685,5664,5.947210452,0.168146059,39349
295.8,4390.4,7.16,21362,64864,1.41,9,139,0,32,22167,196,0,319,584,33144,5576,5.944045911,0.168235578,38720
295.9,4391.6,7.15,21558,67190,1.63,18,212,33,46,24642,85,0,227,566,32948,5690,5.790509666,0.17269637,38638
296,4393.1,7.15,21430,68439,1.45,5,225,27,37,26122,147,0,423,569,32483,5621,5.778864971,0.173044362,38104
296.1,4394.4,7.14,20536,67497,1.41,19,279,63,49,25902,129,0,407,700,31417,5587,5.623232504,0.177833657,37004
296.2,4395.6,7.13,20566,66268,1.45,11,232,16,28,25367,69,47,238,608,31090,5734,5.422043948,0.184432293,36824
296.3,4397,7.11,21075,70633,1.4,12,282,36,30,30201,175,95,201,517,30720,5263,5.836975109,0.171321615,35983
296.4,4398.3,7.12,20531,66140,1.35,10,230,24,45,25951,137,0,350,591,30654,5376,5.702008929,0.175376786,36030
296.5,4399.5,7.13,20148,63631,1.26,0,222,31,66,24333,149,0,197,556,30081,5154,5.836437718,0.171337389,35235
296.6,4400.9,7.13,20134,62491,1.45,14,199,35,80,22841,67,0,238,647,30536,5305,5.756079171,0.173729369,35841
296.7,4402.3,7.13,20760,65068,1.38,7,209,61,8,25059,201,0,367,599,30589,5489,5.572781927,0.179443591,36078
296.8,4403.6,7.13,21264,70969,1.51,0,192,36,18,31455,131,7,101,480,30395,5526,5.500361925,0.181806218,35921
296.9,4404.9,7.13,21197,67421,1.52,0,131,44,56,26772,35,0,355,294,31405,5525,5.684162896,0.1759274,36930
297,4406.3,7.14,21372,67005,1.58,11,173,40,18,25785,0,0,243,439,32034,5369,5.966474204,0.167603172,37403
297.1,4407.7,7.15,21353,66835,1.44,12,209,23,19,25319,0,0,313,570,31963,5386,5.93445971,0.168507337,37349
297.2,4409.1,7.16,21293,64902,1.51,9,245,48,89,23681,26,0,377,460,31562,5576,5.660329986,0.176668145,37138
297.3,4410.5,7.16,21481,67423,1.45,8,243,0,32,25834,0,0,396,745,31702,5555,5.706930693,0.175225538,37257
297.4,4411.9,7.17,21308,67477,1.62,5,212,58,44,26803,0,59,282,662,31273,5357,5.837782341,0.171297925,36630
297.5,4413.3,7.18,21248,66223,1.51,0,155,41,37,26553,71,0,222,596,30601,5225,5.856650718,0.170746054,35826
297.6,4414.6,7.18,21335,69479,1.53,0,224,29,50,29103,0,124,238,534,30974,5509,5.622436014,0.177858849,36483
297.7,4416,7.17,20809,69975,1.58,0,203,39,30,30743,17,0,385,435,29618,5267,5.62331498,0.177831049,34885
297.8,4417.2,7.18,21131,71753,1.55,0,198,42,15,33694,35,0,341,629,28467,5156,5.521140419,0.181122001,33623
297.9,4418.7,7.19,21721,80623,1.54,14,221,36,32,43214,189,28,279,423,28184,5109,5.51653944,0.181273063,33293
298,4419.8,7.19,22267,89245,1.53,0,250,43,31,52146,290,116,190,591,27769,5046,5.503170828,0.181713421,32815
298.1,4421,7.19,21793,88247,1.49,11,233,31,15,51517,286,54,377,430,27296,4993,5.466853595,0.182920574,32289
298.2,4422.3,7.21,21477,83323,1.66,0,188,35,52,47094,292,0,230,475,27521,5161,5.332493703,0.187529523,32682
298.3,4423.6,7.21,22398,91540,1.71,12,208,37,38,54682,446,0,369,432,27563,5147,5.355158345,0.186735842,32710
298.4,4424.9,7.21,22296,87151,1.72,19,212,37,47,48437,526,112,227,507,28927,5215,5.546883988,0.180281398,34142
298.5,4426.3,7.22,23524,93454,1.47,0,252,25,14,54292,391,10,365,430,29624,5319,5.569467945,0.179550365,34943
298.6,4427.7,7.24,21957,77022,1.51,11,267,53,29,36857,181,128,374,510,30552,5270,5.797343454,0.172492799,35822
298.7,4428.9,7.24,21206,69659,1.4,13,202,35,27,28695,183,38,420,641,30742,5209,5.901708581,0.169442457,35951
298.8,4430.2,7.25,21688,76401,1.51,0,327,95,56,35957,160,53,582,678,29991,5269,5.691971911,0.175686039,35260
298.9,4431.4,7.26,21889,81085,1.72,10,379,93,33,42799,400,0,279,494,28168,5184,5.433641975,0.184038625,33352
299,4432.7,7.26,22228,88321,1.43,0,295,85,41,51029,345,0,410,522,27480,5159,5.326613685,0.187736536,32639
299.1,4434.2,7.27,22624,92399,1.61,36,393,77,27,55162,340,23,576,593,27242,5126,5.314475224,0.188165333,32368
299.2,4435.3,7.28,22010,88836,1.53,51,429,138,42,50971,368,80,585,473,27375,5006,5.468437875,0.18286758,32381
299.3,4436.6,7.28,22880,92714,1.51,36,378,148,56,54012,371,26,595,605,28372,5122,5.539242483,0.1805301,33494
299.4,4437.9,7.29,22698,87161,1.5,16,324,104,34,48048,351,88,317,487,29177,5054,5.773051049,0.173218631,34231
299.5,4439,7.3,22172,80196,1.56,15,382,106,78,39633,383,161,598,672,29866,5296,5.639350453,0.177325387,35162
299.6,4440.3,7.31,22561,81443,1.46,25,373,116,42,39566,546,0,508,502,31171,5271,5.913678619,0.169099483,36442
299.7,4441.7,7.32,21693,72595,1.41,19,405,74,71,30511,328,0,488,507,31294,5388,5.808092056,0.17217358,36682
299.8,4442.8,7.32,21651,70238,1.41,11,288,103,57,28404,272,0,482,706,31522,5292,5.956538171,0.167882749,36814
299.9,4444.2,7.33,21485,70571,1.4,14,304,90,79,28093,131,61,548,665,31650,5381,5.881806356,0.170015798,37031
300,4445.6,7.32,21317,64361,1.34,25,297,88,71,20391,49,112,581,621,33232,5327,6.23840811,0.160297304,38559
300.1,4446.7,7.33,22055,64204,1.42,17,293,44,10,18931,0,19,585,659,35035,5651,6.199787648,0.161295847,40686
300.2,4448.1,7.33,23080,67616,1.49,29,304,57,76,19245,38,163,609,701,36847,6217,5.926813576,0.168724727,43064
300.3,4449.3,7.33,23351,65625,1.33,42,311,107,83,15570,56,12,669,677,38299,6035,6.346147473,0.157575916,44334
300.4,4450.7,7.32,22742,60959,1.4,26,406,135,49,12357,0,36,559,750,37486,5927,6.324616163,0.158112362,43413
300.5,4452,7.32,22377,62715,1.34,37,312,129,83,14535,35,0,608,781,36713,6036,6.082339298,0.164410427,42749
300.6,4453.3,7.32,22674,68466,1.76,24,292,119,64,21493,83,17,530,897,35146,5902,5.954930532,0.167928071,41048
300.7,4454.5,7.31,22767,70795,1.41,26,309,143,19,23490,260,0,690,661,35484,5866,6.049096488,0.165313944,41350
300.8,4455.8,7.32,22362,66373,1.36,11,372,86,71,20443,298,11,638,802,34331,5732,5.98935799,0.166962803,40063
300.9,4457.3,7.32,22238,70942,1.52,26,374,136,32,26216,318,0,785,667,33205,5398,6.151352353,0.162565879,38603
301,4458.9,7.32,21699,67321,1.44,30,356,144,54,23647,412,70,455,612,32602,5158,6.320666925,0.158211153,37760
301.1,4460,7.32,21044,61125,1.59,0,403,85,37,17290,366,17,533,738,32809,5487,5.979405868,0.167240696,38296
301.2,4461.5,7.32,21334,61020,1.43,23,411,59,72,16348,177,0,676,691,33468,5295,6.320679887,0.158210828,38763
301.3,4462.9,7.32,21267,59447,1.36,33,355,122,95,15515,84,0,485,695,33349,5416,6.157496307,0.16240367,38765
301.4,4464.2,7.33,21260,60322,1.23,30,380,117,60,16095,46,0,586,547,33599,5457,6.157045996,0.162415548,39056
301.5,4465.4,7.31,22362,69326,1.41,36,360,89,62,24153,86,82,522,743,34402,5291,6.501984502,0.153799198,39693
301.6,4466.6,7.31,22706,70917,1.48,38,463,105,56,24928,0,190,616,854,34578,5552,6.228025937,0.160564521,40130
301.7,4468.1,7.32,22806,73745,1.41,58,489,110,50,28947,117,42,711,507,33409,5496,6.078784571,0.16450657,38905
301.8,4469.4,7.33,22534,72033,1.45,23,390,143,71,26416,153,0,578,874,33772,5722,5.902132122,0.169430297,39494
301.9,4470.9,7.33,22574,71748,1.36,36,441,119,74,25842,182,78,713,529,34226,5749,5.953383197,0.167971717,39975
302,4472.3,7.33,22822,73174,1.37,62,485,136,61,26478,149,145,703,864,34591,5711,6.056907722,0.165100749,40302
302.1,4473.7,7.33,22754,70699,1.52,34,427,180,89,23998,190,34,713,804,34872,5640,6.182978723,0.161734343,40512
302.2,4475,7.32,22594,67450,1.55,33,445,112,83,21050,113,0,580,637,34993,5513,6.347360784,0.157545795,40506
302.3,4476.4,7.32,22515,66562,1.41,71,444,165,109,19941,125,0,540,737,35145,5811,6.04801239,0.165343577,40956
302.4,4477.9,7.32,22786,67669,1.33,63,444,113,25,22512,0,18,515,546,34523,5580,6.186917563,0.161631376,40103
302.5,4479.3,7.33,22604,67579,1.37,34,439,136,71,21219,82,0,792,568,34633,5731,6.043098936,0.165478012,40364
302.6,4480.5,7.33,22554,68494,1.37,19,394,102,60,23270,0,67,546,626,34501,5501,6.271768769,0.159444654,40002
302.7,4481.9,7.33,23076,74104,1.38,33,438,140,69,28358,64,34,645,709,34266,5649,6.065852363,0.164857293,39915
302.8,4483.2,7.33,23232,79606,1.42,38,447,123,62,34348,107,79,622,742,33656,5683,5.922224177,0.168855479,39339
302.9,4484.3,7.32,23872,86546,1.37,34,425,138,45,42665,0,235,664,616,32801,5557,5.902645312,0.169415567,38358
303,4485.7,7.32,24303,89164,1.52,42,376,135,67,44691,70,159,821,460,33170,5442,6.095185594,0.164063913,38612
303.1,4487.1,7.34,23290,83999,1.57,42,427,113,76,41030,35,0,424,649,32203,5431,5.929478917,0.168648884,37634
303.2,4488.3,7.33,22296,78381,1.47,36,391,117,84,35910,76,101,556,692,31940,5260,6.072243346,0.164683782,37200
303.3,4489.5,7.32,22368,72677,1.32,49,356,90,58,29472,0,0,484,529,32726,5577,5.868029406,0.170414961,38303
303.4,4490.8,7.31,23008,77401,1.34,23,405,122,66,32950,66,41,655,635,33277,5824,5.713770604,0.175015777,39101
303.5,4492.1,7.31,22550,74279,1.45,42,397,105,77,30356,127,100,508,644,32690,5781,5.654731015,0.176843071,38471
303.6,4493.7,7.31,22298,71287,1.44,46,409,157,63,28766,55,0,642,644,31915,5320,5.99906015,0.166692778,37235
303.7,4495,7.3,21858,71928,1.41,34,410,136,88,29504,58,44,546,385,31481,5676,5.546335447,0.180299228,37157
303.8,4496.5,7.28,21682,71322,1.45,36,331,111,66,28960,91,138,583,655,31561,5495,5.743585077,0.174107284,37056
303.9,4498,7.28,22072,72730,1.42,16,274,53,54,30152,80,0,529,572,32474,5506,5.897929531,0.169551025,37980
304,4498.8,7.28,22792,75867,1.46,11,311,68,51,31728,35,38,492,655,33231,5779,5.750302821,0.173903885,39010
304.1,4500.1,7.29,22545,72048,1.47,26,321,62,62,29348,88,0,387,670,32395,5546,5.841146772,0.171199259,37941
304.2,4501.5,7.29,22267,74292,1.32,69,343,159,71,31705,79,162,515,664,31966,5363,5.960469886,0.167772008,37329
304.3,4502.8,7.3,22697,75822,1.38,12,311,100,71,33215,91,0,380,487,32517,5466,5.94895719,0.168096688,37983
304.4,4504,7.3,23290,80188,1.48,18,286,27,54,36585,27,51,254,698,33121,5834,5.677236887,0.176142025,38955
304.5,4505.3,7.31,22993,77390,1.5,17,208,50,78,33900,149,29,381,717,32880,5694,5.774499473,0.173175182,38574
304.6,4506.2,7.31,22955,76090,1.36,16,182,51,34,33422,0,0,364,624,32793,5524,5.936459088,0.168450584,38317
304.7,4507.5,7.32,22178,71236,1.66,24,182,87,71,29286,0,0,319,562,32268,5381,5.996654897,0.166759638,37649
304.8,4508.7,7.32,21915,73573,1.35,16,195,60,12,32150,0,67,313,552,31733,5560,5.707374101,0.175211924,37293
304.9,4510,7.32,22404,76347,1.51,8,214,89,56,35437,0,0,262,402,31522,5698,5.532116532,0.180762642,37220
305,4511.1,7.34,22485,77372,1.43,72,228,113,42,34806,119,35,347,494,32282,5591,5.773922375,0.173192491,37873
305.1,4512.8,7.36,22258,75181,1.4,34,231,69,68,34986,0,0,395,626,30687,5480,5.599817518,0.178577248,36167
305.2,4514.2,7.36,21651,73509,1.47,14,251,37,77,33331,0,94,412,632,30670,5296,5.791163142,0.172676883,35966
305.3,4515.5,7.36,21530,68358,1.46,10,195,39,60,27444,0,37,383,623,31280,5239,5.970605077,0.167487212,36519
305.4,4517,7.36,22131,71695,1.36,5,197,51,45,30557,0,82,340,568,31599,5582,5.660874239,0.17665116,37181
305.5,4518.5,7.35,21772,72703,1.35,38,250,120,67,32028,49,16,341,547,31212,5250,5.945142857,0.168204537,36462
305.6,4519.9,7.36,21934,72522,1.44,7,246,63,36,33320,0,51,304,474,30291,5220,5.802873563,0.172328414,35511
305.7,4521.3,7.34,21734,73204,1.5,15,229,56,62,33444,0,68,335,532,30404,5370,5.661824953,0.176621497,35774
305.8,4522.8,7.32,21406,68026,1.36,0,155,32,20,27677,0,42,258,517,31504,5395,5.839481001,0.171248095,36899
305.9,4524.2,7.33,22776,77256,1.63,26,300,60,49,35436,112,5,225,541,32192,5755,5.59374457,0.178771123,37947
306,4525.6,7.34,22946,76623,1.37,15,260,55,16,33890,35,28,303,634,33136,5491,6.034602076,0.165711009,38627
306.1,4526.9,7.35,23078,75707,1.49,9,249,27,67,33012,31,63,202,655,33310,5558,5.993163008,0.1668568,38868
306.2,4528.2,7.36,21927,68079,1.57,4,176,57,64,25687,0,99,281,650,32963,5368,6.140648286,0.162849255,38331
306.3,4529.4,7.37,22392,69875,1.58,0,227,47,47,26961,72,51,255,727,33090,5642,5.86494151,0.170504684,38732
306.4,4530.6,7.37,22964,76023,1.42,22,255,30,46,32618,145,18,371,453,33260,5665,5.87113857,0.170324714,38925
306.5,4531.8,7.38,22396,70854,1.53,18,253,68,60,27069,160,0,294,651,33655,5718,5.885799231,0.169900461,39373
306.6,4533.1,7.38,22145,70598,1.35,12,221,41,62,28869,19,68,371,661,32120,5453,5.890335595,0.169769614,37573
306.7,4534.4,7.39,22286,73096,1.47,10,259,48,44,31975,67,49,401,539,31494,5339,5.898857464,0.169524354,36833
306.8,4535.8,7.39,22407,75151,1.54,0,270,46,45,33045,110,0,288,554,32741,5329,6.143929443,0.162762286,38070
306.9,4537.2,7.38,22512,75256,1.44,20,220,61,44,32229,72,92,388,650,33061,5596,5.907969979,0.169262878,38657
307,4538.6,7.39,22246,71441,1.48,7,226,66,47,29169,57,0,310,598,32618,5418,6.020302695,0.166104605,38036
307.1,4540.2,7.39,22745,74704,1.49,6,227,58,43,31537,138,51,432,705,33312,5712,5.831932773,0.171469741,39024
307.2,4541.4,7.39,22552,73995,1.57,16,254,42,51,31079,47,0,479,659,32781,5639,5.813264763,0.172020378,38420
307.3,4542.6,7.4,22412,73141,1.54,14,246,58,58,31005,18,0,309,664,32352,5552,5.827089337,0.171612265,37904
307.4,4544.1,7.39,22167,71315,1.37,11,258,27,68,29169,72,112,267,560,32319,5652,5.718152866,0.174881649,37971
307.5,4545.9,7.39,22152,74519,1.43,10,257,33,43,33738,0,64,307,598,31100,5473,5.682441074,0.175980707,36573
307.6,4547.2,7.39,21812,73440,1.47,9,264,29,45,32305,19,0,307,581,31285,5687,5.501142958,0.181780406,36972
307.7,4548.8,7.38,21924,75091,1.65,0,210,27,42,34240,61,48,305,628,31039,5447,5.698366073,0.175488901,36486
307.8,4550.3,7.36,22292,80947,1.63,9,274,93,35,39820,70,84,435,414,30568,5903,5.178383873,0.193110442,36471
307.9,4551.4,7.36,22316,80963,1.6,35,285,65,78,41478,16,0,302,565,29802,5331,5.590320765,0.178880612,35133
308,4552.4,7.37,22649,80759,1.59,23,284,66,53,39953,83,141,526,695,30531,5260,5.804372624,0.172283908,35791
308.1,4554,7.37,22836,78339,1.65,18,264,64,64,38054,39,0,349,614,30488,5375,5.672186047,0.176298872,35863
308.2,4555.7,7.36,22634,80570,1.74,7,295,72,30,40358,19,0,510,562,30226,5451,5.545037608,0.180341428,35677
308.3,4557.1,7.36,22321,82791,1.47,17,352,54,70,44379,0,53,408,533,28772,4905,5.865851172,0.170478243,33677
308.4,4558.4,7.36,21399,77656,1.39,0,253,45,27,39892,0,0,547,367,28846,5118,5.63618601,0.177424946,33964
308.5,4559.8,7.36,22189,80814,1.64,0,223,24,40,41816,33,0,542,394,29109,5397,5.393551973,0.185406575,34506
308.6,4561.3,7.36,22592,85954,1.53,0,232,38,33,47474,97,0,424,426,29049,5150,5.640582524,0.177286654,34199
308.7,4562.7,7.37,21984,79493,1.42,23,254,65,44,40342,131,34,484,589,29625,5229,5.66551922,0.176506329,34854
308.8,4564.1,7.36,22155,81476,1.41,0,277,79,0,42858,87,33,547,334,29254,5010,5.839121756,0.171258631,34264
308.9,4565.2,7.35,21932,78184,1.68,15,225,65,60,38411,66,0,508,575,29864,5399,5.531394703,0.180786231,35263
309,4566.6,7.34,22975,80910,1.38,7,333,49,32,38954,67,7,669,597,31546,5554,5.679870364,0.176060356,37100
309.1,4568,7.32,23134,75830,1.39,23,319,50,49,32950,0,0,504,652,32703,5370,6.089944134,0.164205119,38073
309.2,4569.4,7.3,23287,77087,1.42,0,313,60,25,32847,47,26,682,859,33559,5518,6.081732512,0.16442683,39077
309.3,4570.9,7.29,22820,74322,1.57,12,285,67,28,31177,0,0,568,657,32769,5484,5.975382932,0.167353291,38253
309.4,4572.4,7.28,23274,78013,1.45,16,239,45,48,35116,0,0,519,473,32505,5779,5.624675549,0.177788033,38284
309.5,4573.9,7.28,22179,71141,1.29,14,276,51,65,29363,0,76,409,629,32273,5400,5.976481481,0.16732253,37673
309.6,4575.2,7.27,21813,67301,1.51,0,205,12,30,25272,0,0,487,607,32926,5394,6.104189841,0.163821904,38320
309.7,4576.6,7.24,22901,73276,1.4,19,279,38,77,29767,0,0,382,516,33344,5718,5.831409584,0.171485125,39062
309.8,4578.1,7.22,23463,79868,1.54,22,277,43,55,35939,0,0,534,577,33894,5477,6.18842432,0.161592022,39371
309.9,4579.2,7.22,23616,79126,1.34,0,325,44,55,35261,0,0,679,571,33650,5641,5.965254388,0.167637444,39291
310,4580.7,7.24,23303,76079,1.59,10,305,59,65,31859,0,0,577,587,33836,5389,6.278715903,0.159268235,39225
310.1,4582,7.24,23309,76361,1.5,27,344,77,98,30438,0,142,750,697,34845,5909,5.896936876,0.169579567,40754
310.2,4583.3,7.24,23103,73713,1.27,10,317,26,43,28597,0,62,566,550,34634,5875,5.895148936,0.169630998,40509
310.3,4584.7,7.24,23030,75391,1.41,0,380,46,59,30036,0,0,547,560,34797,5794,6.005695547,0.166508607,40591
310.4,4586.1,7.24,22983,76528,1.51,12,328,38,75,31578,7,0,764,633,34404,5738,5.995817358,0.166782932,40142
310.5,4587.6,7.26,22855,73133,1.34,6,335,49,62,28356,0,13,609,654,34347,5897,5.824487027,0.171688939,40244
310.6,4588.5,7.25,22991,73163,1.47,25,333,28,50,27239,0,0,675,556,35347,5685,6.21759015,0.160834017,41032
310.7,4589.6,7.25,23147,72440,1.38,9,333,59,56,26722,61,0,659,629,35141,5756,6.105107714,0.163797274,40897
310.8,4590.8,7.24,22834,71417,1.46,13,321,22,15,26094,0,85,563,617,35307,5749,6.141415898,0.162828901,41056
310.9,4592.2,7.24,22806,71667,1.36,0,287,13,75,27368,0,0,495,533,34841,5593,6.229393885,0.160529262,40434
311,4593.5,7.23,22730,74652,1.48,0,245,51,48,29807,0,0,575,790,34638,5638,6.143667967,0.162769213,40276
311.1,4594.8,7.23,22850,76060,1.55,0,241,48,27,31663,6,77,536,740,34236,5663,6.045558891,0.165410679,39899
311.2,4596.3,7.22,22674,74328,1.45,0,301,39,47,30120,0,0,459,850,34255,5482,6.248631886,0.160035031,39737
311.3,4597.8,7.22,21105,64630,1.43,7,262,36,23,21648,49,0,503,815,33446,5331,6.273869818,0.159391258,38777
311.4,4599.3,7.22,21140,63731,1.39,13,218,28,56,20593,0,0,371,628,33698,5809,5.800998451,0.172384118,39507
311.5,4600.6,7.21,21856,69205,1.56,17,235,13,50,25732,0,0,349,865,33920,5737,5.912497821,0.169133255,39657
311.6,4602,7.21,22156,70683,1.43,0,266,33,80,27590,0,12,429,711,33693,5419,6.217567817,0.160834595,39112
311.7,4603,7.21,22121,68712,1.65,15,282,37,27,24936,0,0,544,501,34501,5402,6.386708626,0.156575172,39903
311.8,4604.3,7.2,22461,69215,1.36,0,237,48,38,25210,0,56,407,658,34416,5640,6.10212766,0.163877266,40056
311.9,4605.9,7.19,22475,68894,1.39,13,228,56,49,25284,0,142,392,694,34182,5615,6.08762244,0.164267743,39797
312,4607.2,7.18,22025,66835,1.43,0,203,65,27,22680,0,0,297,728,34950,5672,6.161847673,0.162288984,40622
312.1,4608.6,7.17,22102,68101,1.36,11,271,20,30,24655,0,0,348,700,33805,5626,6.008709563,0.166425085,39431
312.2,4610,7.16,21737,66219,1.39,8,245,21,65,22505,0,0,417,834,33935,5609,6.050098057,0.165286577,39544
312.3,4611.3,7.16,21887,66571,1.49,15,196,34,33,22008,0,5,377,720,34920,5849,5.970251325,0.167497136,40769
312.4,4612.7,7.17,22248,70063,1.41,18,211,38,40,26698,0,0,479,649,33653,5745,5.857789382,0.170712864,39398
312.5,4613.9,7.19,22712,73777,1.42,0,253,45,45,29743,40,20,400,499,34681,5496,6.310225619,0.158472939,40177
312.6,4615.6,7.22,22949,75018,1.4,24,270,41,41,30013,38,0,258,675,35069,5841,6.003937682,0.166557358,40910
312.7,4617,7.24,23215,74531,1.38,19,253,72,43,28816,0,0,465,543,35896,5654,6.348779625,0.157510586,41550
312.8,4618.5,7.25,23132,74772,1.51,0,280,43,55,29197,0,0,560,615,35799,5632,6.356356534,0.15732283,41431
312.9,4620,7.28,22745,73755,1.49,0,251,82,40,28489,0,0,451,641,35639,5914,6.026208996,0.165941805,41553
313,4621.3,7.29,22512,72235,1.39,0,245,17,20,26686,0,0,380,794,35782,5775,6.196017316,0.161393997,41557
313.1,4622.5,7.29,22562,67661,1.44,0,201,39,20,22090,0,0,381,627,36367,5766,6.307145335,0.158550334,42133
313.2,4624,7.29,22811,67285,1.43,14,217,40,49,21389,0,188,286,662,36694,5620,6.529181495,0.153158555,42314
313.3,4625.5,7.3,22608,65384,1.35,15,213,41,61,19023,0,0,238,590,36947,5700,6.481929825,0.154275043,42647
313.4,4627,7.3,22677,66850,1.55,0,284,44,33,21048,63,0,259,760,36338,5868,6.19256987,0.161483846,42206
313.5,4628.5,7.31,22697,67936,1.4,0,268,21,42,21724,0,28,501,622,36116,5846,6.177899418,0.161867316,41962
313.6,4629.8,7.3,22543,65039,1.44,7,219,32,41,20066,0,0,232,546,35708,5604,6.371877231,0.156939621,41312
313.7,4631.1,7.3,22281,62375,1.3,0,221,0,70,17407,0,0,365,692,35677,5655,6.30893015,0.15850548,41332
313.8,4632.3,7.3,22146,61711,1.4,0,224,21,45,16689,0,110,161,649,35962,5614,6.405771286,0.156109226,41576
313.9,4633.9,7.31,22308,62055,1.48,12,233,10,41,16642,0,48,317,625,35876,5654,6.345242306,0.157598394,41530
314,4635.1,7.31,22291,63653,1.53,6,242,34,43,18269,0,0,269,800,35542,5784,6.144882434,0.162737043,41326
314.1,4636.7,7.31,22302,68463,1.32,7,209,52,33,23574,7,0,237,532,35376,5668,6.241354975,0.160221619,41044
314.2,4638,7.31,21994,65497,1.33,6,244,6,35,21314,23,0,259,549,34945,5600,6.240178571,0.160251824,40545
314.3,4639.2,7.31,21678,63947,1.34,9,253,12,73,19548,0,0,306,674,35100,5452,6.438004402,0.155327635,40552
314.4,4640.5,7.31,21755,64899,1.44,11,268,76,53,20740,0,19,258,514,34996,5763,6.072531668,0.164675963,40759
314.5,4641.8,7.32,21954,64704,1.31,15,261,34,46,20090,22,0,263,757,34960,5730,6.10122164,0.163901602,40690
314.6,4643.2,7.32,22242,64769,1.42,4,252,30,49,20338,0,0,81,633,35328,5756,6.137595552,0.162930254,41084
314.7,4644.8,7.32,22358,67689,1.58,0,276,28,58,22698,0,0,284,814,35461,5714,6.205985299,0.161134768,41175
314.8,4646.5,7.32,22429,68791,1.73,14,291,15,62,24640,0,0,231,664,34756,5795,5.997584124,0.166733801,40551
314.9,4647.9,7.33,22343,69605,1.32,0,323,11,54,24238,0,212,237,697,35323,5925,5.961687764,0.167737735,41248
315,4649.4,7.32,22444,68942,1.42,0,238,21,24,25075,0,36,295,685,34386,5712,6.019957983,0.166114116,40098
315.1,4650.7,7.32,22748,70916,1.46,24,263,10,55,26647,0,0,281,617,35017,5843,5.992983057,0.16686181,40860
315.2,4652.1,7.33,22619,69589,1.49,28,267,31,77,25128,0,16,401,542,34626,5874,5.894790603,0.16964131,40500
315.3,4653.3,7.33,22573,67874,1.31,0,202,45,105,23089,0,15,290,457,35237,5754,6.123913799,0.163294265,40991
315.4,4654.6,7.32,22175,67119,1.39,0,200,35,76,22570,0,127,450,485,34652,5785,5.989974071,0.166945631,40437
315.5,4655.8,7.31,22448,68117,1.47,0,205,56,37,23761,0,0,216,581,34833,5791,6.015023312,0.166250395,40624
315.6,4656.7,7.31,22363,68030,1.57,0,229,24,56,23733,0,47,180,665,34913,5862,5.955817127,0.167903073,40775
315.7,4657,7.31,22414,70232,1.4,0,251,36,57,26421,0,0,116,754,34409,5912,5.820196211,0.171815513,40321
315.8,4657.9,7.3,22767,75041,1.39,10,250,34,66,31860,12,0,39,478,33909,5834,5.812307165,0.172048719,39743
315.9,4659,7.28,22730,75086,1.56,12,175,31,21,31572,0,0,189,592,34121,5802,5.880903137,0.17004191,39923
316,4659.7,7.27,22983,78044,1.38,0,136,40,48,35356,0,0,143,702,33748,5691,5.930065015,0.168632215,39439
316.1,4660.9,7.26,22931,77518,1.39,8,172,23,21,34600,0,45,0,601,34237,5798,5.90496723,0.16934895,40035
316.2,4661.9,7.27,23505,82020,1.6,5,147,39,23,37562,0,26,72,635,35241,6164,5.717229072,0.174909906,41405
316.3,4663.5,7.26,24111,85213,1.45,0,153,27,60,39466,43,150,86,726,36139,6002,6.021159613,0.166080965,42141
316.4,4664.6,7.26,24676,86941,1.56,0,140,38,34,40691,0,0,70,589,36949,5994,6.164330998,0.162223606,42943
316.5,4665.3,7.28,25043,84107,1.39,0,166,0,31,37155,16,0,153,770,37197,6047,6.151314702,0.162566874,43244
316.6,4666.3,7.29,24430,79964,1.49,11,174,43,40,31953,19,0,210,643,37995,6059,6.270836772,0.159468351,44054
316.7,4667.2,7.32,23601,73986,1.36,0,158,26,16,26504,0,0,202,773,37827,6103,6.198099295,0.161339784,43930
316.8,4668.7,7.33,23556,73173,1.39,0,169,12,26,25549,0,0,138,833,37792,6159,6.136061049,0.162970999,43951
316.9,4668.5,7.33,23948,74091,1.46,0,150,33,63,25631,0,7,51,763,38753,6135,6.316707416,0.158310324,44888
317,4668.9,7.33,24128,73112,1.49,0,168,40,47,24733,0,98,75,763,38667,6040,6.401821192,0.15620555,44707
317.1,4669.5,7.33,23494,70267,1.38,0,146,29,26,23207,0,0,57,695,37977,5917,6.418286294,0.155804829,43894
317.2,4670.1,7.33,23994,73154,1.37,0,172,4,54,26361,0,5,121,668,37737,5876,6.422226004,0.155709251,43613
317.3,4671.6,7.31,24104,74903,1.52,0,152,15,25,28173,14,64,200,657,37062,6158,6.018512504,0.166154012,43220
317.4,4672.4,7.3,23556,72192,1.43,0,156,11,9,26225,0,98,256,810,36281,5752,6.307545202,0.158540283,42033
317.5,4673.8,7.3,23789,75658,1.37,16,176,35,34,31060,0,0,70,629,35699,5521,6.466038761,0.154654192,41220
317.6,4675.4,7.31,22945,72316,1.54,0,200,9,43,28389,0,54,240,726,34843,5487,6.350100237,0.157477829,40330
317.7,4676.6,7.29,22865,71653,1.37,0,198,34,43,27260,0,0,224,685,35063,5734,6.114928497,0.16353421,40797
317.8,4678.1,7.28,22676,69761,1.41,24,145,0,68,24953,0,0,294,696,35588,5543,6.420349991,0.155754749,41131
317.9,4679.1,7.27,22743,70064,1.35,0,202,49,33,25825,0,0,226,655,35117,5479,6.409381274,0.1560213,40596
318,4679.6,7.27,22246,65922,1.41,0,113,15,30,21378,0,56,355,674,35191,5704,6.169530154,0.162086897,40895
318.1,4680.5,7.26,23029,74879,1.44,9,214,60,38,29718,0,31,328,860,35378,5570,6.351526032,0.157442478,40948
318.2,4681.5,7.25,23567,78422,1.69,15,234,47,64,33327,48,0,278,654,35338,5538,6.381003973,0.156715151,40876
318.3,4682.3,7.23,23294,76121,1.57,33,226,86,34,30632,0,50,400,661,35375,5899,5.996779115,0.166756184,41274
318.4,4683,7.23,22482,71644,1.56,11,208,55,47,28219,0,37,184,616,34215,5800,5.899137931,0.169516294,40015
318.5,4683.5,7.22,23429,79029,1.5,0,203,31,61,35672,0,35,172,641,34340,5416,6.340472674,0.157716948,39756
318.6,4683.7,7.21,22588,75153,1.61,0,240,60,0,31926,0,0,274,756,33944,5710,5.944658494,0.168218242,39654
318.7,4684.3,7.2,22828,75663,1.52,0,239,68,5,32846,55,0,178,542,33565,5396,6.220348406,0.160762699,38961
318.8,4685.9,7.2,23694,83403,1.61,23,290,74,14,40972,25,40,168,631,32985,5657,5.830829061,0.171502198,38642
318.9,4687.1,7.18,23182,79929,1.38,24,222,85,51,37473,0,0,299,627,32965,5510,5.982758621,0.167146974,38475
319,4687.8,7.17,22642,80797,1.46,28,334,94,80,38340,0,59,329,744,32065,5556,5.771238301,0.173273039,37621
319.1,4689.1,7.15,22847,82758,1.4,24,290,94,31,41503,71,0,324,712,31279,5566,5.619655049,0.177946865,36845
319.2,4689.7,7.13,22390,79170,1.42,7,294,74,31,37590,56,104,442,599,31662,5522,5.733792104,0.174404649,37184
319.3,4690.9,7.11,23065,81594,1.55,38,310,115,65,39007,28,0,462,764,32028,5628,5.690831557,0.175721244,37656
319.4,4691.5,7.11,22922,77759,1.37,6,334,69,61,35052,0,56,433,581,32498,5499,5.909801782,0.169210413,37997
319.5,4692.5,7.13,22195,73573,1.57,25,250,80,66,30799,47,123,384,590,32668,5318,6.142910869,0.162789274,37986
319.6,4693.6,7.15,22250,74240,1.4,19,311,79,29,31857,55,57,368,662,32184,5730,5.616753927,0.178038777,37914
319.7,4694.3,7.16,22617,75707,1.55,8,314,67,16,33995,0,0,427,696,31769,5559,5.714876776,0.174981901,37328
319.8,4695.1,7.16,22219,72217,1.55,0,280,59,28,30411,0,12,257,593,32430,5671,5.718568154,0.174868949,38101
319.9,4696.3,7.17,22262,69889,1.44,13,276,60,40,25959,0,155,535,598,34148,5842,5.845258473,0.171078833,39990
320,4697.8,7.17,22377,73988,1.33,19,302,54,29,30625,30,20,308,559,33635,5645,5.958370239,0.167831128,39280
320.1,4699.1,7.18,22790,75519,1.57,13,245,47,28,31700,0,14,288,741,34292,5897,5.815160251,0.171964307,40189
320.2,4700.5,7.2,22306,64785,1.5,4,176,49,26,19812,0,0,415,581,35272,5615,6.281745325,0.159191427,40887
320.3,4702,7.21,21881,61493,1.33,15,233,50,51,15224,0,83,336,853,36188,5944,6.088156124,0.164253344,42132
320.4,4703.5,7.21,22200,62267,1.4,30,242,22,30,16091,0,0,310,708,36323,5893,6.163753606,0.162238802,42216
320.5,4704.7,7.22,22434,63623,1.4,0,212,73,18,17165,0,0,160,827,36799,5763,6.385389554,0.156607517,42562
320.6,4706.1,7.24,22187,59685,1.35,15,182,69,48,12513,0,7,306,653,37325,5907,6.318774336,0.15825854,43232
320.7,4707.6,7.25,21898,57098,1.37,17,238,20,43,10490,0,0,282,681,37025,5677,6.521930597,0.153328832,42702
320.8,4708.9,7.25,21703,58430,1.41,27,257,66,46,10599,29,40,302,862,37495,5948,6.303799597,0.158634485,43443
320.9,4710.2,7.25,22035,55540,1.35,22,192,68,21,7137,19,0,309,567,38368,6077,6.313641599,0.158387198,44445
321,4711.7,7.24,22533,56062,1.34,18,252,50,85,5338,0,0,433,719,39968,6221,6.424690564,0.15564952,46189
321.1,4713.1,7.23,22387,53815,1.54,27,215,63,62,3667,0,0,284,703,40465,5891,6.86895264,0.145582602,46356
321.2,4714.3,7.24,22459,55719,1.26,26,234,64,53,3903,0,66,476,896,40963,6218,6.587809585,0.151795523,47181
321.3,4715.7,7.25,22276,55458,1.14,21,243,82,33,3670,0,0,517,838,40751,6257,6.512865591,0.153542244,47008
321.4,4717.1,7.25,22571,57695,1.32,29,230,83,47,4539,0,132,537,1006,41336,6309,6.55190997,0.15262725,47645
321.5,4718.8,7.24,22672,59758,1.35,32,313,92,46,6458,0,0,684,872,41347,6339,6.52263764,0.153312211,47686
321.6,4720.2,7.25,22322,59771,1.28,19,237,68,28,7537,0,116,573,943,40751,6509,6.260715932,0.159726142,47260
321.7,4721.6,7.25,22058,59671,1.27,7,190,67,36,7597,56,51,622,990,40516,6142,6.596548356,0.151594432,46658
321.8,4723.1,7.25,21751,56949,1.09,0,244,58,45,5591,13,120,508,762,40209,6101,6.590558925,0.151732199,46310
321.9,4724.4,7.25,21426,56485,1.14,16,163,71,71,6301,0,44,701,962,39334,5948,6.612979153,0.151217776,45282
322,4725.9,7.26,21710,56963,1.43,0,175,20,0,7026,40,169,458,929,39307,6059,6.487374154,0.154145572,45366
322.1,4727.1,7.26,21369,54913,1.21,29,228,41,18,4303,0,116,654,797,39687,6121,6.483744486,0.154231864,45808
322.2,4728.5,7.26,21191,55183,1.47,12,161,70,24,6205,0,0,471,814,38562,6135,6.285574572,0.159094445,44697
322.3,4730,7.26,21770,57861,1.35,0,190,43,40,9564,86,13,275,876,38270,6036,6.340291584,0.157721453,44306
322.4,4731.3,7.26,21547,57529,1.45,13,148,29,22,9680,0,143,350,820,37921,5839,6.494433978,0.153978007,43760
322.5,4733.1,7.25,21194,57998,1.35,24,181,41,38,11475,24,0,260,821,36729,5868,6.259202454,0.159764764,42597
322.6,4734.3,7.26,21497,60973,1.49,0,176,39,19,12678,12,50,270,856,37894,6223,6.089345975,0.164221249,44117
322.7,4735.7,7.26,22106,62901,1.5,16,140,45,39,15104,35,0,203,761,37996,6187,6.141263941,0.16283293,44183
322.8,4737,7.26,22554,63002,1.7,16,167,23,21,14110,20,0,257,938,38646,6240,6.193269231,0.161465611,44886
322.9,4738.4,7.27,22970,64109,1.68,6,151,12,0,15214,42,0,217,899,38924,6114,6.36637226,0.157075326,45038
323,4739.9,7.28,22782,64225,1.45,0,149,38,73,16021,52,0,163,853,38019,6102,6.230580138,0.160498698,44121
323.1,4741.1,7.29,21955,61193,1.25,6,141,9,51,15987,8,0,17,827,36051,5937,6.072258717,0.164683365,41988
323.2,4742.7,7.31,20841,58990,1.42,0,95,20,33,15184,15,0,168,704,34702,5612,6.183535282,0.161719786,40314
323.3,4744,7.33,20599,60146,1.51,0,130,65,43,17322,0,14,146,894,34170,5448,6.272026432,0.159438104,39618
323.4,4745.3,7.34,21513,65288,1.54,8,154,35,65,21632,26,0,135,458,34699,5745,6.039860748,0.165566731,40444
323.5,4746.7,7.35,22152,68020,1.54,0,133,56,21,23505,0,22,64,650,35261,5795,6.084728214,0.164345878,41056
323.6,4748.2,7.37,21946,67177,1.31,14,136,60,43,22467,0,0,63,736,35531,5644,6.295357902,0.158847204,41175
323.7,4749.5,7.37,21745,64397,1.27,4,133,20,20,20330,49,0,225,619,34650,5754,6.02189781,0.166060606,40404
323.8,4750.9,7.38,21642,66364,1.52,27,168,37,45,22332,0,0,217,783,34425,5682,6.058606125,0.165054466,40107
323.9,4752.3,7.39,21807,67579,1.41,8,157,48,58,24036,0,92,251,621,34036,5847,5.82110484,0.171788694,39883
324,4754,7.39,21843,66966,1.46,6,212,29,26,23094,0,0,76,660,34553,5699,6.062993508,0.164935027,40252
324.1,4755.5,7.4,21780,68404,1.48,0,141,41,35,25610,0,0,65,678,33723,5687,5.929839986,0.168638615,39410
324.2,4757,7.4,21875,70709,1.49,7,140,4,31,28563,0,32,77,636,33292,5647,5.895519745,0.169620329,38939
324.3,4758.4,7.4,22112,73355,1.54,0,167,23,59,30901,0,44,164,687,33365,5617,5.940003561,0.168350067,38982
324.4,4759.7,7.4,22091,70080,1.48,10,157,61,27,26374,92,42,150,746,34027,5710,5.959194396,0.167807917,39737
324.5,4761.1,7.4,22002,66390,1.74,0,148,36,29,21742,122,112,215,735,34609,5839,5.927213564,0.16871334,40448
324.6,4762.6,7.39,21240,57484,1.59,7,175,40,22,15190,37,0,131,342,33396,5538,6.030335861,0.165828243,38934
324.7,4764,7.38,20347,55432,1.42,0,201,20,69,14465,104,34,223,516,31885,5370,5.937616387,0.168417751,37255
324.8,4765.5,7.36,20232,54773,1.44,8,229,27,11,14781,0,0,225,573,31013,5317,5.832800451,0.171444233,36330
324.9,4766.8,7.33,20287,57519,1.27,20,221,36,21,18878,0,45,129,442,29913,5395,5.544578313,0.180356367,35308
325,4768.4,7.32,20023,59331,1.51,8,190,53,51,22064,0,0,169,307,28905,5205,5.553314121,0.180072652,34110
325.1,4770.2,7.32,19982,58809,1.41,8,177,24,75,20413,18,30,145,344,29324,5465,5.365782251,0.186366116,34789
325.2,4771.7,7.32,19923,58206,1.52,0,177,59,55,20526,118,35,0,432,29308,5128,5.715288612,0.174969292,34436
325.3,4773.2,7.32,20545,63939,1.35,0,179,35,45,24637,89,0,196,484,30056,5351,5.616894038,0.178034336,35407
325.4,4774.7,7.33,21286,67784,1.49,11,217,13,33,28017,118,23,277,615,30184,5479,5.509034495,0.181520011,35663
325.5,4776.3,7.35,20743,64123,1.46,8,232,49,13,25313,177,0,179,600,29531,5258,5.616394066,0.178050185,34789
325.6,4777.6,7.38,20332,63940,1.36,6,206,19,13,26230,155,0,196,587,28762,5266,5.461830611,0.183088798,34028
325.7,4779.4,7.4,20207,66235,1.36,16,218,18,44,29885,212,28,156,380,27692,4995,5.543943944,0.180377004,32687
325.8,4780.8,7.41,19744,64616,1.66,11,252,77,71,30248,132,0,33,183,26218,4875,5.378051282,0.185940957,31093
325.9,4782.5,7.43,19324,64597,1.53,9,218,39,55,30266,57,37,314,328,25749,4870,5.287268994,0.189133559,30619
326.1,4785.6,6.84,20122,61082,1.4,0,124,15,35,20424,134,35,376,448,31452,5308,5.925395629,0.168765102,36760
326.2,4787.4,6.84,20272,60459,1.18,23,204,43,28,18863,253,0,212,493,32296,5172,6.244392885,0.160143671,37468
326.3,4789.2,6.84,20270,61117,1.32,19,243,76,40,18600,196,63,537,523,32113,5350,6.002429907,0.166599197,37463
326.4,4791,6.83,19245,57649,1.21,8,196,36,24,17829,101,17,358,590,30663,5099,6.013532065,0.166291622,35762
326.5,4792.7,6.83,18779,55843,1.41,0,171,34,42,16466,126,0,310,637,30254,5155,5.868865179,0.170390692,35409
326.6,4794.6,6.82,19028,55179,1.35,11,142,47,23,16129,89,0,334,605,30270,5079,5.959834613,0.167789891,35349
326.7,4796.3,6.8,19690,56961,1.47,5,159,7,28,16390,150,13,267,658,31196,5316,5.868322047,0.170406462,36512
326.8,4797.7,6.8,19886,57938,1.31,13,189,30,42,18817,163,0,291,576,30104,5222,5.764841057,0.17346532,35326
326.9,4799.6,6.8,19659,58253,1.3,0,227,37,4,19645,114,0,275,600,29256,5295,5.525212465,0.180988515,34551
327,4801,6.78,19971,60216,1.58,24,240,26,52,20858,110,38,475,475,29993,5095,5.886751717,0.16987297,35088
327.1,4802.8,6.77,20331,61469,1.47,12,266,61,19,21734,172,0,464,566,30294,5199,5.826889786,0.171618142,35493
327.2,4804.5,6.76,20998,67676,1.41,0,255,68,24,27839,163,87,332,587,30037,5375,5.58827907,0.178945967,35412
327.3,4806.4,6.75,19904,64393,1.5,18,288,53,55,25337,232,0,315,679,28921,5417,5.338932989,0.187303344,34338
327.4,4808.2,6.75,20287,62369,1.28,24,228,62,74,22297,182,0,335,556,30557,5323,5.740559835,0.174199038,35880
327.5,4810.1,6.75,21846,73503,1.51,28,359,48,88,32664,203,0,488,515,30693,5425,5.657695853,0.176750399,36118
327.6,4811.5,6.75,21209,72232,1.43,0,315,25,49,32010,138,0,522,657,30479,5122,5.950605232,0.168050133,35601
327.7,4812.9,6.75,20757,68844,1.35,28,292,34,25,29176,157,0,447,620,30427,5128,5.93350234,0.168534525,35555
327.8,4814.4,6.75,21196,72903,1.34,15,359,47,31,33058,202,86,438,509,30218,5206,5.804456396,0.172281422,35424
327.9,4815.8,6.73,20456,65956,1.54,14,281,65,72,25442,219,86,419,525,30529,5258,5.806200076,0.172229683,35787
328,4817.4,6.71,20882,66547,1.54,0,315,55,47,25849,210,0,376,459,30984,5404,5.733530718,0.1744126,36388
328.1,4819.1,6.71,21950,77367,1.49,13,317,65,55,37626,323,0,293,454,30304,5278,5.741568776,0.174168427,35582
328.2,4820.7,6.72,21518,74442,1.58,0,298,86,37,33620,253,0,463,668,30832,5268,5.85269552,0.170861443,36100
328.3,4822.2,6.72,21206,70235,1.55,0,265,18,19,28676,311,124,391,628,31486,5448,5.779368576,0.173029283,36934
328.4,4824,6.71,21580,72458,1.42,26,307,51,36,31620,267,51,427,462,31020,5326,5.824258355,0.17169568,36346
328.5,4825.6,6.71,20943,70102,1.54,14,310,40,0,30224,251,54,267,633,30679,5205,5.89414025,0.169660028,35884
328.6,4827.4,6.71,21484,74477,1.42,15,315,35,34,33501,414,89,358,496,31227,5424,5.757190265,0.17369584,36651
328.7,4828.8,6.71,22029,78067,1.59,25,340,34,38,37113,386,0,473,775,30763,5322,5.780345735,0.173000033,36085
328.8,4830.4,6.72,21241,70977,1.59,23,349,37,62,30523,466,15,556,416,30523,5163,5.911872942,0.169151132,35686
328.9,4831.9,6.73,20732,69863,1.62,33,383,81,73,29425,317,195,354,643,30102,5418,5.555924695,0.179988041,35520
329,4833.6,6.75,20216,67642,1.48,9,353,47,28,28826,262,0,461,492,29250,5148,5.681818182,0.176,34398
329.1,4835.7,6.73,20645,70512,1.6,4,355,107,45,29470,231,0,419,601,31006,5416,5.724889217,0.174675869,36422
329.2,4837.3,6.72,21284,74298,1.78,12,364,64,48,34096,312,0,328,510,29824,5372,5.551749814,0.180123391,35196
329.3,4838.8,6.72,20880,74239,1.35,20,355,55,50,35690,174,29,465,564,29146,5111,5.70260223,0.17535854,34257
329.4,4840.6,6.73,19510,67610,1.42,0,232,46,32,29274,199,83,327,622,28929,5034,5.746722288,0.174012237,33963
329.5,4842.2,6.73,19988,69253,1.5,18,315,99,28,30561,226,69,334,779,29346,4990,5.880961924,0.17004021,34336
329.6,4843.9,6.73,20500,71566,1.55,25,286,52,42,33516,160,0,321,581,29030,5095,5.697742885,0.175508095,34125
329.7,4845.5,6.74,20069,70202,1.48,22,267,51,39,31107,235,30,572,553,29381,5459,5.382121268,0.185800347,34840
329.8,4847.2,6.75,20663,69615,1.29,17,274,0,38,29116,226,0,390,500,31024,5322,5.829387448,0.171544611,36346
329.9,4848.8,6.73,22052,76162,1.42,21,406,81,33,34807,356,0,362,483,31496,5393,5.840163174,0.171228092,36889
330,4850.2,6.72,21164,74712,1.35,13,350,46,49,34090,212,0,524,656,30765,5326,5.776380023,0.173118804,36091
330.1,4852,6.71,20895,74175,1.43,16,414,85,40,34436,191,74,365,647,29969,5248,5.710556402,0.175114285,35217
330.2,4853.6,6.72,19021,63856,1.51,11,312,18,63,26048,124,0,378,625,28857,4922,5.862860626,0.170565201,33779
330.3,4855.3,6.71,19682,67096,1.47,13,339,69,8,27929,172,75,485,632,29577,5045,5.862636274,0.170571728,34622
330.4,4856.9,6.71,20745,70784,1.63,19,378,81,41,31203,210,0,248,626,30079,5080,5.921062992,0.168888593,35159
330.5,4858.5,6.73,19866,65958,1.45,43,319,84,38,26984,121,64,331,501,29806,5270,5.655787476,0.176810038,35076
330.6,4860.1,6.75,20265,68640,1.48,33,345,62,10,29764,131,0,402,538,29838,5051,5.90734508,0.169280783,34889
330.7,4861.7,6.78,19334,62005,1.35,11,310,55,47,22712,113,0,405,469,30136,5138,5.865317244,0.170493762,35274
330.8,4863.2,6.82,19587,61468,1.48,9,142,48,17,21660,84,57,436,693,30495,5084,5.99822974,0.166715855,35579
330.9,4864.9,6.85,19583,61501,1.63,7,131,45,10,21610,29,0,487,686,30578,5235,5.841069723,0.171201517,35813
331,4866.3,6.87,20110,63769,1.46,0,160,6,43,23540,115,0,383,672,30819,5336,5.775674663,0.173139946,36155
331.1,4867.7,6.9,20164,68630,1.51,12,194,85,41,29625,67,0,314,572,30080,5181,5.805828991,0.172240691,35261
331.2,4869.5,6.92,18526,59073,1.31,9,192,33,38,21312,132,59,411,686,28932,5123,5.647472184,0.177070372,34055
331.3,4870.9,6.94,18923,60513,1.4,5,170,8,28,22271,24,0,453,757,29307,4881,6.004302397,0.166547241,34188
331.4,4872.4,6.95,18852,57784,1.44,8,151,25,44,19463,71,0,220,645,29258,5243,5.580392905,0.179198852,34501
331.5,4873.8,6.95,19406,63353,1.5,25,236,67,40,25230,118,50,442,535,29251,4821,6.0674134,0.164814878,34072
331.6,4875.5,6.97,19022,60678,1.33,12,237,57,0,23689,0,0,393,605,28709,4918,5.837535584,0.171305166,33627
331.7,4877.1,6.98,19077,61549,1.42,32,243,43,41,24600,65,0,385,437,28492,4687,6.078941754,0.164502316,33179
331.8,4879,6.99,18515,61581,1.41,11,233,40,65,25887,135,124,326,478,27217,4651,5.851859815,0.170885843,31868
331.9,4880.6,6.98,18628,59324,1.39,26,212,65,39,23920,17,74,510,512,26828,4600,5.832173913,0.171462651,31428
332,4882.4,6.97,18994,62635,1.45,15,216,35,24,25432,66,19,518,548,27714,4930,5.621501014,0.177888432,32644
332.1,4883.8,6.98,18862,61692,1.44,13,171,29,19,25296,149,11,510,516,27458,4677,5.870857387,0.170332872,32135
332.2,4885.3,6.99,18473,59753,1.48,9,214,93,55,25262,74,22,320,502,25990,4653,5.585643671,0.179030396,30643
332.3,4886.9,7,18583,63951,1.32,12,239,47,38,30434,134,37,418,531,24953,4530,5.508388521,0.181541298,29483
332.4,4888.4,7.01,18012,63272,1.45,21,241,81,59,31486,138,0,364,465,23513,4369,5.381780728,0.185812104,27882
332.5,4889.8,7.01,16994,60668,1.42,14,182,50,9,32578,81,0,239,250,21170,3945,5.366286439,0.186348607,25115
332.6,4891.3,7.02,17008,68479,1.58,6,207,27,21,43071,33,0,206,212,18482,3929,4.703995928,0.212585218,22411
332.7,4892.8,7.02,17398,76354,1.54,0,220,26,20,50967,70,102,326,322,18296,3776,4.845338983,0.206383909,22072
332.8,4894.4,7.02,18400,80706,1.52,0,160,41,33,54210,0,48,339,197,19534,4021,4.857995524,0.205846217,23555
332.9,4895.9,7.02,18456,75056,1.67,31,147,72,7,45306,36,16,395,344,22328,4387,5.089582858,0.196479756,26715
333,4897.4,7,19229,71423,1.53,0,162,66,13,37656,79,17,388,538,25414,4672,5.439640411,0.183835681,30086
333.1,4898.9,6.99,19430,68530,1.43,9,206,35,47,32560,79,22,428,563,27133,4963,5.467056216,0.182913795,32096
333.2,4900.2,6.99,19869,67983,1.24,0,240,19,37,31539,107,61,236,386,27769,4887,5.68221813,0.175987612,32656
333.3,4901.6,6.99,19628,66100,1.46,26,204,51,36,27760,57,0,390,654,28579,5188,5.508673863,0.181531894,33767
333.4,4903.4,6.99,20127,67283,1.33,0,218,57,32,29347,90,104,425,649,28952,4793,6.040475694,0.165549876,33745
333.5,4904.8,6.99,19612,64339,1.39,0,216,50,50,26479,99,58,236,683,28627,5174,5.532856591,0.180738464,33801
333.6,4906.2,6.99,19370,62532,1.45,0,236,43,34,25145,70,0,353,675,28470,5089,5.594419336,0.178749561,33559
333.7,4907.9,6.99,19461,60280,1.34,9,203,40,60,21936,29,0,420,500,29495,5159,5.717193255,0.174911002,34654
333.8,4909.4,6.98,19994,61688,1.45,15,219,18,24,21518,133,39,459,617,30696,5234,5.864730608,0.170510816,35930
333.9,4910.8,6.98,19905,60238,1.52,17,204,45,22,19397,111,0,418,477,31363,5346,5.866629256,0.170455632,36709
334,4912.1,6.98,20280,59678,1.49,0,203,20,0,18687,130,0,399,455,31812,5308,5.993217784,0.166855275,37120
334.1,4913.9,6.97,20495,61866,1.36,0,162,32,0,18579,104,43,501,571,33131,5601,5.915193715,0.169056171,38732
334.2,4915.6,6.96,20749,62183,1.26,20,140,21,54,19488,149,145,554,499,33034,5391,6.127620108,0.163195496,38425
334.3,4917.1,6.96,20875,62700,1.38,0,174,16,41,18902,105,65,625,684,33887,5228,6.481828615,0.154277452,39115
334.4,4918.6,6.97,20991,64572,1.43,15,202,54,36,20737,112,68,462,697,33663,5712,5.893382353,0.169681847,39375
334.5,4920.2,6.97,21321,62572,1.46,0,201,49,54,18272,73,0,422,535,34610,5607,6.172641341,0.162005201,40217
334.6,4921.8,6.98,21369,63555,1.38,0,217,22,22,18363,99,31,580,677,34708,5732,6.0551291,0.165149245,40440
334.7,4923.3,6.99,20772,61467,1.2,11,205,45,55,18443,32,46,323,569,33523,5630,5.954351687,0.167944396,39153
334.8,4924.9,7,20936,63521,1.31,8,192,18,18,20063,44,11,412,786,34007,5335,6.374320525,0.156879466,39342
334.9,4926.5,6.99,21122,67608,1.49,0,190,66,13,24396,102,0,486,648,33290,5477,6.07814497,0.164523881,38767
335,4928,6.99,20915,67500,1.22,18,203,49,45,25340,118,103,529,652,32226,5102,6.316346531,0.158319369,37328
335.1,4929.9,6.99,20159,62668,1.27,14,196,21,12,21784,81,82,481,668,31763,5135,6.185589094,0.161666089,36898
335.2,4931.4,7,19762,60483,1.37,9,164,46,37,19012,69,0,572,517,31527,5541,5.68976719,0.175754116,37068
335.3,4932.7,6.99,20353,62863,1.34,8,193,44,36,21484,9,0,568,646,31782,5357,5.932798208,0.168554528,37139
335.4,4934.5,6.98,21100,66870,1.41,6,186,51,8,24752,147,88,457,655,32669,5145,6.349659864,0.157488751,37814
335.5,4936,6.98,21219,65863,1.59,7,182,0,18,22567,139,6,594,659,33596,5463,6.149734578,0.162608644,39059
335.6,4937.9,7,21370,66296,1.31,0,213,29,0,22808,106,53,503,709,33722,5314,6.345878811,0.157582587,39036
335.7,4939.9,6.99,21500,66903,1.54,15,209,36,76,23505,92,0,573,780,33550,5465,6.139066789,0.162891207,39015
335.8,4941.3,7,20835,64891,1.28,7,208,30,35,22294,15,62,624,749,32851,5289,6.211193042,0.160999665,38140
335.9,4942.9,6.99,21773,66878,1.42,0,193,18,70,22712,64,47,555,655,34072,5515,6.178059837,0.161863113,39587
336,4944.5,6.98,21797,68448,1.39,0,183,38,53,23466,123,139,620,757,34353,5558,6.180820439,0.161790819,39911
336.1,4945.9,6.98,21449,67110,1.46,14,190,35,67,23459,35,11,737,636,33860,5431,6.234579267,0.160395747,39291
336.2,4947.6,6.98,21828,65511,1.28,15,196,64,34,21445,96,0,630,648,34066,5351,6.366286675,0.157077438,39417
336.3,4949.1,6.99,21941,67756,1.39,0,204,63,57,23106,25,0,648,864,34527,5502,6.275354417,0.159353549,40029
336.4,4950.7,6.98,22175,68526,1.32,9,246,42,43,24101,0,34,809,597,34399,5572,6.173546303,0.161981453,39971
336.5,4952.5,6.98,22052,69637,1.62,11,240,55,68,24912,133,59,785,771,34349,5398,6.363282697,0.157151591,39747
336.6,4954.3,6.98,21832,69006,1.48,22,248,74,22,24431,133,0,835,559,34210,5386,6.351652432,0.157439345,39596
336.7,4955.8,6.97,21412,64573,1.25,12,228,27,31,20742,54,11,769,547,33479,5380,6.222862454,0.160697751,38859
336.8,4957.5,6.96,22158,68115,1.31,0,251,33,43,23675,91,0,795,586,33937,5564,6.099388929,0.16395085,39501
336.9,4958.8,6.95,21447,63531,1.49,6,219,17,47,19087,82,0,845,717,33904,5533,6.127598048,0.163196083,39437
337,4960.4,6.96,21734,64013,1.43,16,238,49,34,18941,45,161,841,787,34564,5486,6.300401021,0.158720056,40050
337.1,4962.1,6.95,21708,65210,1.41,0,240,0,17,21031,8,0,717,589,34152,5912,5.776725304,0.173108456,40064
337.2,4963.6,6.94,21808,64979,1.45,13,248,12,47,19499,66,14,846,768,34950,5774,6.05299619,0.165207439,40724
337.3,4965.1,6.94,21908,64849,1.5,0,235,26,32,19509,112,59,944,533,34717,5499,6.313329696,0.158395023,40216
337.4,4966.9,6.95,21843,65300,1.38,0,261,34,50,19585,106,0,869,669,34564,5677,6.088426986,0.164246036,40241
337.5,4968.3,6.96,21493,62869,1.34,6,259,14,53,18391,41,0,569,589,34377,5624,6.112553343,0.163597754,40001
337.6,4970.4,6.96,21065,61668,1.46,5,215,35,42,16349,33,68,598,741,34908,5596,6.238027162,0.160307093,40504
337.7,4972.3,6.96,21448,61638,1.36,13,216,48,47,16033,88,77,455,736,35305,5632,6.268643466,0.159524147,40937
337.8,4973.9,6.96,21569,62891,1.44,10,219,41,10,17356,70,0,487,731,35113,5566,6.308480057,0.158516789,40679
337.9,4975.7,6.98,21402,57561,1.35,11,170,10,7,12192,67,8,509,600,35653,5561,6.411256968,0.155975654,41214
338,4977.3,6.99,22019,60834,1.35,0,185,41,54,13994,51,105,715,714,36270,5727,6.333158722,0.15789909,41997
338.1,4978.6,7,22018,62230,1.48,8,143,36,47,15846,33,122,449,585,36127,5852,6.173444976,0.161984112,41979
338.2,4980.3,7.01,21870,63199,1.35,0,181,25,39,16046,146,0,631,708,36256,5999,6.043673946,0.165462268,42255
338.3,4981.9,7.02,21984,62264,1.35,9,156,38,28,16003,91,0,332,647,36177,5783,6.255749611,0.159852945,41960
338.4,4983.5,7.03,22277,64305,1.41,0,207,44,14,17649,86,0,361,736,36285,6060,5.987623762,0.167011162,42345
338.5,4985,7.05,22420,64901,1.47,0,238,27,47,18605,80,73,544,573,35961,5666,6.346805507,0.157559578,41627
338.6,4986.6,7.05,22343,63896,1.45,0,179,68,12,18012,83,105,294,756,35902,5702,6.296387233,0.158821236,41604
338.7,4988,7.06,22117,64131,1.39,16,201,30,71,18859,52,51,519,611,34919,5738,6.085569885,0.164323148,40657
338.8,4989.7,7.06,22085,63668,1.41,0,231,50,33,18264,105,100,500,865,34886,5837,5.97670036,0.167316402,40723
338.9,4991.2,7.06,22154,62285,1.4,12,213,72,43,18076,140,0,285,612,34421,5262,6.541429114,0.152871793,39683
339,4992.9,7.06,20848,60597,1.32,12,221,21,65,18327,181,0,287,621,32572,5459,5.966660561,0.167597937,38031
339.1,4994.6,7.07,21119,64200,1.39,8,214,34,32,21487,105,24,437,734,32484,5550,5.852972973,0.170853343,38034
339.2,4996.3,7.07,21377,62463,1.41,0,210,17,22,19874,104,0,283,608,32970,5549,5.941611101,0.168304519,38519
339.3,4997.7,7.06,21423,61123,1.37,0,213,33,32,17463,131,0,296,688,33933,5548,6.116258111,0.163498659,39481
339.4,4999.5,7.06,21834,66898,1.57,0,195,11,31,24264,176,23,296,624,32981,5478,6.020627966,0.166095631,38459
339.5,5001,7.05,22288,69259,1.58,11,207,45,19,24862,236,16,490,583,34472,5534,6.229129021,0.160536087,40006
339.6,5002.4,7.04,23040,73057,1.41,0,172,21,33,27561,246,116,282,819,34948,5667,6.166931357,0.162155202,40615
339.7,5003.8,7.03,23143,72960,1.36,0,205,29,11,26288,195,44,466,829,35808,5770,6.205892548,0.161137176,41578
339.8,5005.3,7.03,22640,67774,1.42,11,150,26,38,20823,136,39,445,555,36542,5939,6.152887692,0.162525313,42481
339.9,5006.9,7.03,23025,69811,1.38,23,234,58,17,22632,261,67,504,693,36457,5979,6.097507944,0.164001426,42436
340,5008.6,7.03,22502,66874,1.38,60,251,84,22,20238,235,18,457,642,35744,5982,5.975259111,0.167356759,41726
340.1,5010.1,7.02,22624,65819,1.33,0,202,53,30,17756,192,130,635,678,37522,6081,6.170366716,0.162064922,43603
340.2,5012,7.02,22684,64588,1.47,0,137,64,41,15997,282,109,406,885,37504,6036,6.213386349,0.160942833,43540
340.3,5013.6,7.03,23337,66061,1.34,0,129,22,60,17152,262,44,435,836,37823,6260,6.04201278,0.16550776,44083
340.4,5015.4,7.03,22596,63350,1.44,14,178,55,44,16359,106,145,375,612,36523,5768,6.332004161,0.157927881,42291
340.5,5017.1,7.04,21323,61006,1.49,6,203,7,29,17844,130,70,343,722,33577,5386,6.234125511,0.160407422,38963
340.6,5018.5,7.06,20733,60886,1.43,7,225,47,57,18659,106,101,530,525,32922,5176,6.360510046,0.157220096,38098
340.7,5020.2,7.07,20636,61247,1.61,11,200,44,45,18908,113,0,545,722,32467,5473,5.93221268,0.168571165,37940
340.8,5021.9,7.06,19567,55145,1.36,12,157,18,15,13378,69,35,434,594,33046,5346,6.18144407,0.161774496,38392
340.9,5023.3,7.06,21422,61332,1.42,5,191,29,18,16687,204,0,547,756,34675,5544,6.25450938,0.159884643,40219
341,5024.9,7.05,22157,67949,1.43,12,255,19,46,23122,120,83,496,794,34520,5621,6.141256004,0.16283314,40141
341.1,5026.3,7.05,21615,64642,1.45,9,262,12,45,19510,211,24,646,612,34659,5798,5.977750949,0.167286996,40457
341.2,5027.9,7.05,21138,59990,1.31,0,182,14,67,14341,311,0,399,773,35402,5545,6.384490532,0.156629569,40947
341.3,5029.7,7.06,21783,60119,1.39,6,211,18,33,14424,146,82,441,645,35776,5590,6.4,0.15625,41366
341.4,5031.4,7.06,22067,62237,1.39,0,197,39,27,16648,219,0,378,802,35314,5805,6.0833764,0.164382398,41119
341.5,5033.1,7.05,21598,61285,1.24,7,188,34,63,15446,236,48,537,822,35055,5815,6.028374893,0.165882185,40870
341.6,5034.7,7.05,20838,61813,1.21,18,240,40,48,18786,256,0,247,644,32936,5333,6.175885993,0.161920087,38269
341.7,5036.3,7.05,20026,58282,1.44,0,198,0,27,16258,189,203,322,468,32211,5176,6.223145286,0.160690447,37387
341.8,5037.7,7.04,18082,52430,1.18,7,105,0,9,13678,229,100,326,528,30010,4902,6.121991024,0.163345551,34912
341.9,5039.2,7.02,19073,58313,1.27,0,201,20,47,19636,231,77,329,485,29466,4987,5.908562262,0.169245911,34453
342,5040.8,7.01,18146,53407,1.42,21,177,19,0,16192,195,0,353,589,28909,4661,6.202317099,0.161230067,33570
342.1,5042.3,7.03,18769,55969,1.45,0,142,17,12,17986,60,0,297,497,29445,5114,5.757723895,0.173679742,34559
342.2,5044.1,7.02,20878,64870,1.49,0,138,0,6,23208,165,66,364,616,31653,5405,5.856244218,0.170757906,37058
342.3,5045.6,7.02,21917,68149,1.32,0,143,5,20,26041,133,43,379,481,32382,5255,6.162131304,0.162281514,37637
342.4,5047.1,7.05,21470,67770,1.46,0,168,10,56,26380,226,10,306,603,32037,5171,6.19551344,0.161407123,37208
342.5,5048.8,7.06,21128,67719,1.5,12,181,46,38,26441,202,113,384,571,31389,5270,5.956166983,0.167893211,36659
342.6,5050.2,7.07,20721,62203,1.49,0,139,44,47,20767,173,19,315,493,32247,5447,5.920139526,0.168914938,37694
342.7,5052.1,7.07,21138,64480,1.41,9,188,59,47,22184,222,0,374,635,32648,5485,5.952233364,0.168004166,38133
342.8,5053.7,7.07,21673,70013,1.44,9,189,42,48,28369,229,0,571,609,31894,5266,6.056589442,0.165109425,37160
342.9,5055.2,7.06,21604,68820,1.54,0,180,68,63,25632,269,34,381,781,33018,5514,5.988030468,0.166999818,38532
343,5056.9,7.05,21538,64590,1.35,0,182,27,32,21444,192,0,344,585,33370,5772,5.781358281,0.172969733,39142
343.1,5058.6,7.05,21904,67318,1.46,36,208,65,17,23714,279,0,362,659,33544,5467,6.135723431,0.162979967,39011
343.2,5060.3,7.06,22134,67509,1.34,0,190,8,20,23793,240,0,283,604,33868,5701,5.940712156,0.168329987,39569
343.3,5061.7,7.06,22113,66653,1.4,15,204,58,7,21923,198,0,320,614,34573,5873,5.886769964,0.169872444,40446
343.4,5063.7,7.07,22192,68309,1.31,0,216,81,29,22848,104,33,335,848,35108,5906,5.944463258,0.168223767,41014
343.5,5065.1,7.07,22124,68493,1.64,14,198,37,42,23706,172,124,311,682,34556,5773,5.985795947,0.16706216,40329
343.6,5066.5,7.06,21899,68398,1.43,7,195,0,16,24927,111,135,248,838,33370,5737,5.8166289,0.171920887,39107
343.7,5067.9,7.05,21189,63527,1.47,0,208,16,16,20088,114,61,490,862,33097,5665,5.842365402,0.17116355,38762
343.8,5069.4,7.06,20506,61185,1.3,0,152,28,48,19559,114,10,473,520,32226,5400,5.967777778,0.167566561,37626
343.9,5071.1,7.06,20283,60582,1.38,14,238,58,28,19609,96,64,463,492,31586,5288,5.973146747,0.167415944,36874
344,5072.4,7.07,21013,63257,1.51,12,176,56,48,22034,62,0,382,496,31868,5366,5.938874394,0.168382076,37234
344.1,5074,7.06,20635,64080,1.44,0,233,42,25,23924,90,0,252,475,31500,5112,6.161971831,0.162285714,36612
344.2,5075.6,7.06,20919,65292,1.44,10,306,66,38,24431,22,95,456,495,31355,5210,6.018234165,0.166161697,36565
344.3,5077.4,7.05,21080,66061,1.49,22,259,39,60,25275,34,0,377,591,31396,5185,6.055159113,0.165148427,36581
344.4,5078.8,7.03,20576,66630,1.4,22,263,29,43,27814,85,30,346,470,29458,5402,5.453165494,0.183379727,34860
344.5,5080.6,7.01,20820,66039,1.52,16,279,55,57,27518,62,0,251,570,29471,4970,5.929778672,0.168640358,34441
344.6,5082.4,7,19784,64455,1.46,28,238,41,45,27599,14,62,356,463,27761,4917,5.64592231,0.17711898,32678
344.7,5084.2,7,20060,66487,1.33,21,234,35,47,30200,101,0,160,595,27500,4650,5.913978495,0.169090909,32150
344.8,5085.7,6.98,19211,66259,1.48,0,204,42,64,31777,15,96,313,430,25278,4709,5.368018688,0.186288472,29987
344.9,5087.4,6.98,18976,67419,1.57,16,215,66,57,34830,66,49,400,354,24056,4482,5.367246765,0.186315264,28538
345,5088.8,6.98,17537,62453,1.48,7,199,46,33,33619,19,136,262,293,20946,4223,4.959981056,0.201613673,25169
345.1,5090.7,6.97,16824,63380,1.57,0,205,47,20,36391,42,37,234,454,19456,3882,5.011849562,0.199527138,23338
345.2,5091.9,6.98,16118,64235,1.81,11,185,78,50,40663,72,59,104,280,16733,3334,5.018896221,0.199246997,20067
345.3,5093.8,6.99,16952,83735,1.81,0,192,124,63,64086,48,34,132,197,13441,3262,4.120478234,0.242690276,16703
345.4,5095.6,7.01,16498,84013,1.93,0,173,36,34,66146,0,0,7,140,12097,3053,3.962332132,0.252376622,15150
345.5,5097.2,7.03,17891,99640,1.59,0,178,60,18,83437,0,10,75,165,10802,2941,3.672900374,0.272264395,13743
345.6,5099.1,7.05,19472,120600,1.68,9,162,44,0,106588,0,64,98,90,8624,2694,3.201187825,0.312384045,11318
345.7,5100.7,7.07,18826,121589,1.89,9,154,43,29,109530,0,48,45,60,7015,2721,2.578096288,0.387883108,9736
346,5105.8,7.09,20004,125188,1.72,0,128,68,22,111070,0,45,48,106,8664,3096,2.798449612,0.35734072,11760
346.1,5107.3,7.08,19838,117731,1.7,20,160,51,17,101254,0,94,112,142,10603,3456,3.067997685,0.325945487,14059
346.2,5108.8,7.09,20964,125546,1.69,25,149,104,18,108309,33,75,95,277,11137,3473,3.206737691,0.311843405,14610
346.5,5113.2,7.08,21611,124226,1.52,18,123,68,0,101715,30,20,120,262,16230,3373,4.811740291,0.207825015,19603
346.6,5114.7,7.05,20592,112958,1.56,24,154,68,18,88775,0,0,226,280,17472,3741,4.670408982,0.214114011,21213
346.7,5116.1,7.04,21738,111172,1.89,23,115,59,0,83155,0,0,334,380,20712,3978,5.206636501,0.192062572,24690
346.8,5117.8,7.04,23058,104702,1.48,9,146,75,30,69247,0,143,552,528,26331,4793,5.493636553,0.182028787,31124
346.9,5119,7.06,22811,96260,1.68,38,262,78,19,58796,0,62,410,586,28164,4835,5.825025853,0.171673058,32999
347,5120.7,7.08,22586,87049,1.45,37,281,98,28,47327,11,0,554,510,29781,4945,6.022446916,0.166045465,34726
347.1,5122.2,7.09,21080,72643,1.3,25,305,94,68,31886,0,0,697,704,30906,5086,6.076681085,0.164563515,35992
347.2,5123.6,7.08,21176,69797,1.35,31,289,107,41,28564,0,0,513,738,31418,5135,6.118403116,0.163441339,36553
347.3,5125,7.08,21139,64822,1.47,37,250,70,56,21942,0,0,633,714,32708,5338,6.127388535,0.163201663,38046
347.4,5126.7,7.08,21197,62297,1.38,19,193,93,26,18926,37,0,664,829,33116,5336,6.206146927,0.161130571,38452
347.5,5128.3,7.08,21209,64132,1.26,20,267,99,42,20337,0,0,590,760,33247,5588,5.949713672,0.168075315,38835
347.6,5129.9,7.09,20960,61541,1.43,28,313,74,28,18284,0,0,686,661,33165,5175,6.408695652,0.156037992,38340
347.7,5131.6,7.1,21007,61388,1.42,25,236,51,51,16821,79,92,640,722,33813,5357,6.311928318,0.15843019,39170
347.8,5132.9,7.1,20796,58196,1.42,12,188,94,36,14371,27,83,626,760,33678,5078,6.632138637,0.150780925,38756
347.9,5134.5,7.11,21581,64257,1.28,10,249,58,11,18569,0,102,700,743,34431,5639,6.105869835,0.163776829,40070
348,5136.4,7.12,21829,64861,1.58,40,276,128,67,19908,0,51,700,589,34389,5427,6.336650083,0.157812091,39816
348.1,5138,7.12,22313,68054,1.27,5,275,82,59,22421,0,206,564,827,34928,5495,6.356323931,0.157323637,40423
348.2,5139.4,7.12,22489,69731,1.24,9,225,52,71,24529,0,12,512,700,34667,5557,6.238438006,0.160296536,40224
348.3,5141.1,7.12,21073,64067,1.41,29,254,72,39,19901,24,128,764,705,33469,5399,6.199110946,0.161313454,38868
348.4,5142.6,7.12,20790,59877,1.33,36,306,84,48,15770,31,387,899,760,32698,5413,6.040642897,0.165545293,38111
348.5,5144.2,7.12,20052,54568,1.33,75,338,173,65,10612,0,151,801,773,33166,5432,6.105670103,0.163782187,38598
348.6,5146,7.11,20730,54907,1.48,46,329,127,78,8730,38,208,845,648,35146,5431,6.471368072,0.154526831,40577
348.7,5148,7.1,21187,55105,1.28,22,278,103,16,7778,42,165,620,816,36425,5660,6.435512367,0.155387783,42085
348.8,5149.5,7.1,21946,62432,1.33,22,254,40,50,14104,16,85,670,719,37133,5736,6.473675035,0.154471764,42869
348.9,5151,7.09,21982,63223,1.23,14,215,87,27,15927,32,85,492,869,36823,5593,6.583765421,0.151888765,42416
349,5152.5,7.09,21900,64681,1.37,34,185,49,44,18130,33,142,613,705,36079,5634,6.403798367,0.156157321,41713
349.1,5154.1,7.09,22710,68971,1.44,9,184,76,10,22354,55,0,403,733,36675,5779,6.346253677,0.157573279,42454
349.2,5155.8,7.09,22701,68599,1.53,11,203,45,29,21791,124,100,541,716,36153,5935,6.091491154,0.164163417,42088
349.3,5157.4,7.1,22993,64540,1.38,17,236,44,52,15505,21,0,683,553,38136,5966,6.392222595,0.156440109,44102
349.4,5158.7,7.12,22577,59585,1.19,8,206,38,41,8822,0,117,714,678,39139,6100,6.416229508,0.155854774,45239
349.5,5160.4,7.13,22704,58399,1.32,15,215,51,43,7688,19,68,589,796,39640,6093,6.505826358,0.153708375,45733
349.6,5161.9,7.12,22918,59561,1.44,19,249,49,38,7961,0,65,728,725,40121,5964,6.727196512,0.148650333,46085
349.7,5163.4,7.13,22497,56823,1.38,28,232,76,58,5209,0,7,771,994,39912,6240,6.396153846,0.156343957,46152
349.8,5165.1,7.14,22567,57258,1.41,9,211,70,30,6533,0,0,643,987,39438,5860,6.73003413,0.148587657,45298
349.9,5166.7,7.14,22573,57235,1.38,41,258,93,18,6460,0,14,758,981,39353,6057,6.497110781,0.153914568,45410
350,5168.3,7.13,22910,61113,1.46,66,357,115,29,9277,0,87,748,901,39664,6100,6.502295082,0.153791852,45764
350.1,5169.7,7.13,22912,62166,1.3,13,276,104,64,9993,79,0,822,764,39783,6449,6.16886339,0.162104416,46232
350.2,5171.5,7.12,23199,60276,1.38,0,302,79,26,6541,0,114,738,864,41054,6581,6.238261662,0.160301067,47635
350.3,5172.9,7.12,23127,56432,1.32,33,240,95,54,3184,0,117,802,828,41235,6382,6.461140708,0.154771432,47617
350.4,5174.5,7.13,23384,56988,1.34,21,328,107,64,3088,0,195,750,875,41557,6424,6.469022416,0.154582862,47981
350.5,5175.5,7.15,23220,56170,1.23,40,321,86,59,2590,22,121,785,858,41063,6364,6.452388435,0.15498137,47427
350.6,5176.9,7.16,22946,56112,1.4,26,304,67,73,2416,6,207,937,1016,41283,6155,6.707229894,0.149092847,47438
350.7,5178.1,7.17,22758,55793,1.23,31,278,78,36,2344,0,80,875,918,41332,6051,6.830606511,0.146399884,47383
350.8,5179.8,7.19,22906,55114,1.37,31,289,72,96,2821,52,0,733,679,40605,6087,6.67077378,0.149907647,46692
350.9,5181.2,7.2,22703,55187,1.25,45,281,127,22,4175,0,64,602,916,39716,6042,6.573320093,0.152130124,45758
351,5182.7,7.21,22378,54358,1.33,33,295,93,36,3493,19,0,675,709,39492,6009,6.572141787,0.152157399,45501
351.1,5184.3,7.22,22143,53096,1.27,49,263,88,29,2565,0,0,646,775,39556,5823,6.793061996,0.14720902,45379
351.2,5185.9,7.21,22692,55098,1.41,19,317,78,55,3242,77,194,733,944,40197,6069,6.623331686,0.150981417,46266
351.3,5187.4,7.22,22994,58462,1.33,39,290,95,86,6085,0,190,783,756,40168,6262,6.414564037,0.15589524,46430
351.4,5189,7.22,23436,62462,1.27,34,293,54,66,9266,45,0,758,875,40705,6252,6.510716571,0.153592925,46957
351.5,5190.5,7.22,23422,61631,1.27,15,337,99,66,8808,0,90,843,966,40461,6199,6.527020487,0.153209263,46660
351.6,5191.6,7.22,23292,59272,1.53,49,385,87,81,6754,60,0,900,779,40005,6068,6.592781806,0.15168104,46073
351.7,5192.9,7.2,23232,58583,1.41,21,385,189,78,5816,86,72,787,897,39813,6241,6.379266143,0.156757843,46054
351.8,5194.6,7.16,22932,58191,1.31,36,389,104,68,5734,11,17,692,912,39827,6239,6.383555057,0.156652522,46066
351.9,5196.4,7.14,22791,58083,1.31,38,294,80,56,5954,0,33,948,970,39895,6232,6.401636714,0.156210051,46127
352,5197.7,7.13,23092,59520,1.2,33,312,103,40,6884,15,97,810,837,39981,6314,6.3321191,0.157925014,46295
352.1,5199,7.13,22550,59033,1.18,36,306,69,45,6784,28,47,909,812,39823,6354,6.26739062,0.159556035,46177
352.2,5200.4,7.13,22576,58877,1.3,43,269,81,61,7057,0,0,769,789,39657,6370,6.225588697,0.16062738,46027
352.3,5201.7,7.13,23118,60854,1.34,44,346,127,57,8044,0,0,741,712,40184,6508,6.174554395,0.161955007,46692
352.4,5203.2,7.14,22761,59217,1.3,35,296,71,60,6356,0,90,877,848,40534,6378,6.355283788,0.157349386,46912
352.5,5204.6,7.16,22936,58833,1.38,22,287,79,87,6320,53,37,796,862,40402,6317,6.39575748,0.156353646,46719
352.6,5206,7.18,22475,58607,1.44,28,310,61,65,6777,42,9,885,822,39292,6358,6.179930796,0.16181411,45650
352.7,5207.6,7.2,21998,56266,1.32,27,304,70,42,6401,18,77,637,708,38385,6036,6.359343936,0.157248925,44421
352.8,5209.2,7.21,21783,55592,1.19,24,248,50,42,5696,0,34,819,914,37944,5976,6.34939759,0.157495256,43920
352.9,5210.3,7.2,21718,55860,1.47,59,340,60,34,5457,73,71,1022,592,38528,6136,6.279009126,0.159260797,44664
353,5212,7.2,21867,55690,1.36,31,351,90,33,5173,25,53,638,894,38380,6239,6.151626863,0.162558624,44619
353.1,5213.5,7.2,22198,54984,1.28,49,339,94,42,4014,0,0,762,859,39031,5972,6.535666443,0.153006585,45003
353.2,5215,7.21,22445,56035,1.25,25,337,112,74,4018,13,139,559,890,39766,6130,6.487112561,0.154151788,45896
353.3,5216.5,7.22,22213,56250,1.29,23,367,127,74,5613,67,0,688,963,38644,5916,6.532116295,0.153089742,44560
353.4,5218.3,7.22,21654,55674,1.31,38,312,100,36,5492,52,43,676,880,38287,6107,6.269363026,0.159505837,44394
353.5,5220,7.23,21676,54253,1.22,28,292,86,58,4708,0,0,699,768,38102,5791,6.579519945,0.151986772,43893
353.6,5221.9,7.23,21841,54466,1.49,36,338,121,62,6087,0,129,557,813,37328,5567,6.705227232,0.149137377,42895
353.7,5223.3,7.22,21791,55581,1.29,29,338,80,76,5778,0,0,722,813,37972,5874,6.464419476,0.154692932,43846
353.8,5224.9,7.22,21768,55918,1.26,53,328,71,59,6935,0,0,827,674,37502,6093,6.154931889,0.162471335,43595
353.9,5226.5,7.21,21479,54813,1.42,50,352,136,70,6315,110,0,609,629,37095,5740,6.462543554,0.154737835,42835
354,5227.9,7.21,21053,53330,1.21,38,314,99,46,6133,14,0,571,734,36274,5525,6.565429864,0.152312951,41799
354.1,5229.5,7.22,21532,58116,1.25,51,337,95,43,9993,0,96,658,723,36502,5860,6.229010239,0.160539149,42362
354.2,5230.8,7.21,21348,57494,1.4,29,360,122,32,10295,0,4,773,714,36097,5748,6.279923452,0.15923761,41845
354.3,5232.5,7.21,21146,57943,1.3,5,262,69,54,10419,122,28,587,751,36562,5726,6.385260217,0.156610689,42288
354.4,5234.2,7.18,22040,60694,1.36,40,318,75,51,12942,0,0,612,703,36555,6000,6.0925,0.164136233,42555
354.5,5235.7,7.17,21779,62213,1.46,56,330,116,48,14415,34,186,753,796,35853,5590,6.413774597,0.155914428,41443
354.6,5237.2,7.17,21130,57572,1.45,43,286,108,33,11204,0,60,652,710,35226,5632,6.254616477,0.159881905,40858
354.7,5239,7.16,21279,57136,1.29,37,288,91,58,10556,17,79,682,728,35171,5667,6.206281983,0.161127065,40838
354.8,5240.5,7.17,21396,59961,1.45,30,279,103,50,13353,102,103,571,768,34710,5664,6.128177966,0.16318064,40374
354.9,5241.9,7.19,21388,61618,1.34,46,300,131,37,16550,0,73,611,667,34115,5507,6.194842927,0.161424593,39622
355,5243.4,7.22,20765,60633,1.33,40,209,110,0,15139,35,128,515,672,34229,5507,6.215543853,0.160886967,39736
355.1,5245.5,7.22,21894,62635,1.36,58,270,89,62,15132,6,128,677,723,36112,5643,6.399432926,0.156263846,41755
355.2,5247.2,7.22,22424,64036,1.38,37,329,115,77,15826,22,0,602,668,36372,6014,6.047888261,0.16534697,42386
355.3,5248.7,7.23,21567,61401,1.37,41,273,104,43,14661,0,138,590,817,35845,5553,6.455069332,0.154917004,41398
355.4,5250.3,7.27,21392,60593,1.38,43,293,121,30,13504,0,146,688,818,35526,5727,6.203247774,0.161205877,41253
355.5,5251.7,7.26,22324,65024,1.37,53,272,104,21,17689,0,42,723,808,35885,5646,6.355827134,0.157335934,41531
355.6,5253.2,7.26,22000,61832,1.29,40,278,134,32,14387,0,90,566,857,36146,5734,6.303801884,0.158634427,41880
355.7,5254.8,7.26,20868,58024,1.36,41,273,105,18,12439,0,100,679,763,34656,5394,6.424916574,0.155644044,40050
355.8,5256.4,7.27,20749,57848,1.32,44,264,97,76,13086,0,0,663,737,34140,5431,6.28613515,0.159080258,39571
355.9,5257.8,7.24,19619,55404,1.37,35,198,97,47,12178,0,28,719,667,32915,5164,6.373934934,0.156888956,38079
356,5259.4,7.24,20090,56818,1.4,21,219,48,19,13160,0,38,604,732,33671,5234,6.433129538,0.155445339,38905
356.1,5260.6,7.23,21001,62173,1.38,19,210,72,31,17426,0,58,598,692,34255,5500,6.228181818,0.160560502,39755
356.2,5262.5,7.23,21492,62626,1.16,51,280,113,61,17453,0,0,569,646,34459,5541,6.218913554,0.160799791,40000
356.3,5263.5,7.23,21735,65737,1.35,24,313,153,0,19839,0,0,544,819,34883,5485,6.359708295,0.157239916,40368
356.4,5265.1,7.24,21750,66029,1.38,47,300,104,56,20591,9,135,565,843,34571,5487,6.300528522,0.158716844,40058
356.5,5266.5,7.25,21405,66048,1.32,59,272,93,41,21489,81,77,626,803,33802,5564,6.075125809,0.164605645,39366
356.6,5268,7.27,21256,66788,1.36,0,262,107,28,23839,21,0,516,612,33160,5336,6.214392804,0.160916767,38496
356.7,5269.5,7.28,21442,68766,1.38,12,245,79,27,25710,0,0,404,613,33425,5539,6.034482759,0.165714286,38964
356.8,5271.1,7.28,21335,65735,1.41,28,206,46,56,21908,45,72,546,826,33328,5548,6.007209805,0.166466635,38876
356.9,5272.8,7.26,20594,61619,1.37,9,206,21,52,18411,132,122,501,698,33190,5327,6.230523747,0.160500151,38517
357,5274.6,7.26,20366,63054,1.47,29,313,246,39,21501,77,0,514,658,31788,5297,6.001132717,0.166635208,37085
357.1,5276.1,7.26,20296,62452,1.44,0,240,106,28,21612,0,28,387,573,31119,5228,5.952371844,0.168000257,36347
357.2,5277.6,7.25,19345,58289,1.39,21,254,19,28,19013,21,0,379,535,30392,5116,5.940578577,0.168333772,35508
357.3,5279.1,7.24,20601,66786,1.46,13,227,34,45,25997,112,21,467,648,30938,5326,5.808862186,0.172150753,36264
357.4,5280.8,7.24,21515,73260,1.45,5,274,68,42,31320,228,0,658,669,31372,5440,5.766911765,0.173403035,36812
357.5,5282.5,7.23,22113,76938,1.47,31,364,73,55,35179,52,0,642,624,31178,5366,5.810286992,0.172108538,36544
357.6,5284,7.22,21352,69702,1.48,4,297,79,40,28946,76,0,571,496,30710,5225,5.877511962,0.17014002,35935
357.7,5285.6,7.22,20845,66622,1.51,8,293,50,19,26045,130,63,608,571,30516,5234,5.830340084,0.171516581,35750
357.8,5287.2,7.22,20892,68380,1.38,21,321,59,59,27813,179,64,454,658,30431,5136,5.925038941,0.168775262,35567
357.9,5288.6,7.2,19287,61805,1.33,14,230,23,49,23799,100,0,451,569,29077,4829,6.021329468,0.16607628,33906
358,5290.2,7.17,20949,71407,1.4,26,280,61,33,31914,67,27,457,638,29569,5302,5.576952094,0.179309412,34871
358.1,5291.9,7.15,21513,77234,1.54,44,323,98,59,37578,87,0,446,607,29527,5170,5.711218569,0.175093982,34697
358.2,5293.2,7.17,21371,74161,1.48,17,319,88,54,35500,9,0,494,400,28970,5189,5.582963962,0.179116327,34159
358.3,5294.8,7.2,21254,72835,1.37,23,258,44,35,32906,50,45,469,435,30012,5281,5.683014581,0.175962948,35293
358.4,5296.7,7.22,20996,67799,1.53,30,275,75,71,27067,116,64,444,729,30703,5130,5.984990253,0.16708465,35833
358.5,5298.2,7.23,20932,66593,1.25,36,292,73,13,24843,76,145,565,774,31507,5214,6.042769467,0.165487035,36721
358.6,5299.8,7.23,20862,65518,1.5,15,288,103,0,23285,62,35,524,683,31739,5365,5.915936626,0.169034941,37104
358.7,5301.4,7.23,20479,62819,1.37,25,283,59,17,21599,6,0,461,493,31222,5148,6.064879565,0.164883736,36370
358.8,5302.9,7.24,20978,65820,1.46,30,276,75,47,23696,0,159,492,623,31701,5245,6.044041945,0.165452194,36946
358.9,5304.6,7.23,21564,71892,1.42,34,293,77,38,30077,14,0,542,611,31472,5350,5.882616822,0.169992374,36822
359,5306.5,7.22,21431,69803,1.42,4,229,62,49,28077,49,0,481,695,31302,5287,5.920559864,0.168902945,36589
359.1,5307.8,7.23,21374,73403,1.46,22,223,14,22,32121,106,0,538,582,30755,5271,5.834756213,0.171386766,36026
359.2,5309.3,7.21,21262,72372,1.38,29,274,42,53,31982,37,0,408,594,30296,5197,5.829517029,0.171540797,35493
359.3,5311.2,7.2,20880,68286,1.42,23,202,59,19,28281,0,111,539,650,30321,4992,6.073918269,0.164638369,35313
359.4,5312.6,7.2,21142,72442,1.55,23,296,79,28,32826,0,123,490,533,29612,5235,5.656542502,0.176786438,34847
359.5,5314.5,7.2,21181,74131,1.62,29,321,73,29,35521,31,18,424,372,29084,4813,6.042800748,0.165486178,33897
359.6,5316.1,7.2,20142,66863,1.56,14,294,69,26,27718,33,0,473,541,28970,5054,5.732093391,0.174456334,34024
359.7,5317.6,7.19,20359,66554,1.35,28,353,79,44,27885,48,13,484,623,28671,4920,5.827439024,0.171601967,33591
359.8,5319.2,7.18,21121,75742,1.43,9,339,54,24,36939,122,137,581,787,28228,5049,5.590810061,0.178864957,33277
359.9,5321,7.18,20832,72446,1.45,25,364,73,38,33445,28,94,667,495,28172,5105,5.518511263,0.181208292,33277
360,5322.4,7.19,20508,70703,1.53,41,348,72,57,32635,52,113,475,607,27723,4856,5.709019769,0.175161418,32579
360.1,5324.1,7.18,20332,68712,1.49,19,370,77,38,30811,31,0,580,533,27268,5040,5.41031746,0.184832038,32308
360.2,5325.7,7.16,19744,64758,1.49,22,401,101,48,27934,87,71,513,358,26610,4713,5.646085296,0.177113867,31323
360.3,5327.2,7.15,19976,70108,1.42,41,426,102,67,34309,106,0,603,568,25920,4757,5.448812277,0.183526235,30677
360.4,5328.7,7.14,21041,77676,1.72,37,409,118,105,40483,58,103,759,565,26603,4953,5.371088229,0.18618201,31556
360.5,5330.2,7.12,20608,70368,1.48,56,476,160,18,32483,168,0,786,487,27520,4716,5.835453774,0.171366279,32236
360.6,5332,7.11,20721,70461,1.42,30,462,126,100,32630,118,6,745,444,27249,4791,5.687539136,0.175822966,32040
360.7,5333.5,7.11,21352,79399,1.45,25,377,74,43,42429,96,0,687,353,26884,4860,5.531687243,0.18077667,31744
360.8,5335.3,7.1,21732,81306,1.52,41,372,117,62,43090,152,0,740,365,27752,4969,5.585027168,0.179050159,32721
360.9,5336.9,7.09,22429,84694,1.56,59,468,143,54,45984,104,0,890,622,27788,4972,5.588897828,0.178926155,32760
361,5338.6,7.09,21027,80173,1.37,50,416,112,64,43303,254,13,708,424,26913,4780,5.630334728,0.177609334,31693
361.1,5340.2,7.07,19687,69683,1.38,35,356,64,55,32752,221,79,853,501,26689,4678,5.705215904,0.175278205,31367
361.2,5342.1,7.03,20838,72897,1.4,30,325,81,45,33818,219,34,850,542,28231,5294,5.332640725,0.187524353,33525
361.3,5343.8,7.02,21374,77360,1.38,48,443,117,48,38088,167,0,803,568,28257,5397,5.235686492,0.190996921,33654
361.5,5346.9,7.11,19782,73538,1.46,26,324,58,67,38177,49,49,579,383,25900,4739,5.465288035,0.182972973,30639
361.6,5348.4,7.15,19976,71632,1.41,14,273,73,53,35652,144,13,339,429,26648,4851,5.49330035,0.182039928,31499
361.7,5349.9,7.16,20388,75301,1.53,4,205,53,31,37932,186,73,326,489,27484,4912,5.595276873,0.178722166,32396
361.8,5351.4,7.18,20773,74552,1.52,0,209,59,27,37557,193,63,357,526,27779,4946,5.616457744,0.178048166,32725
361.9,5353,7.19,21611,79375,1.58,0,194,42,27,41885,136,0,89,448,28259,5138,5.5,0.181818182,33397
362,5354.9,7.21,21069,77391,1.47,0,232,54,23,40707,195,0,168,437,27545,4890,5.632924335,0.177527682,32435
362.1,5356.3,7.22,20242,73217,1.49,11,179,50,15,36657,156,114,293,496,27610,4783,5.772527702,0.173234335,32393
362.2,5357.8,7.23,20464,72363,1.45,23,170,0,25,34709,232,32,91,401,28746,4934,5.82610458,0.171641272,33680
362.3,5359.4,7.24,21232,79273,1.5,0,181,15,63,42201,134,15,177,417,28368,4998,5.675870348,0.176184433,33366
362.4,5360.8,7.22,20423,73910,1.42,0,143,9,17,37294,170,0,115,542,28121,4801,5.857321391,0.170726503,32922
362.5,5362.3,7.21,19752,68995,1.5,15,146,31,30,31355,197,0,47,489,28588,4948,5.777687955,0.173079614,33536
362.6,5364,7.2,19613,66839,1.37,5,187,14,20,29358,180,35,200,536,28200,4851,5.813234385,0.172021277,33051
362.7,5365.7,7.16,19797,67825,1.7,6,179,38,32,31445,154,0,89,549,27477,5014,5.480055844,0.182479892,32491
362.8,5367.1,7.13,19573,66702,1.45,4,197,33,44,30372,207,8,44,480,27573,4843,5.693371877,0.175642839,32416
362.9,5368.5,7.13,20757,67221,1.58,15,158,34,46,27395,221,178,137,296,30379,5330,5.699624765,0.175450146,35709
363,5370.2,7.14,21501,68787,1.51,17,157,41,40,27975,196,0,209,552,31301,5104,6.132641066,0.163061883,36405
363.1,5371.9,7.17,21357,66923,1.55,0,179,24,32,25847,112,92,220,479,31738,5232,6.066131498,0.164849707,36970
363.2,5373.5,7.18,21882,73129,1.34,10,195,15,27,32816,122,72,157,515,31235,5143,6.073303519,0.164655034,36378
363.3,5375,7.2,21920,74926,1.47,20,155,27,12,34958,146,161,260,542,30713,5107,6.013902487,0.166281379,35820
363.4,5376.3,7.21,21888,74573,1.58,12,179,4,56,34595,206,0,245,645,30686,4847,6.330926346,0.157954768,35533
363.5,5378,7.22,21354,75347,1.3,6,143,48,27,36262,211,49,73,523,29763,5206,5.717057242,0.174915163,34969
363.6,5380,7.21,21282,75931,1.62,7,204,49,47,38148,191,0,98,565,28687,5044,5.687351308,0.175828773,33731
363.7,5381.6,7.2,22234,83548,1.52,29,206,35,40,45707,149,0,241,407,28547,4977,5.735784609,0.174344064,33524
363.8,5383.1,7.2,21790,78501,1.59,0,146,53,19,39191,246,0,110,564,29907,5039,5.935106172,0.168488983,34946
363.9,5384.5,7.22,22057,77148,1.51,0,164,36,28,38357,326,9,102,643,30028,4849,6.192617034,0.161482616,34877
364,5386,7.22,22242,76887,1.41,0,151,35,21,36473,316,13,130,471,31142,5129,6.071748879,0.164697194,36271
364.1,5387.9,7.22,22335,74078,1.38,9,161,40,48,32173,322,49,150,627,32204,5125,6.283707317,0.159141722,37329
364.2,5389.3,7.22,22585,73056,1.53,0,176,48,8,30025,375,0,180,557,33048,5528,5.97829233,0.167271847,38576
364.3,5390.8,7.22,22324,69722,1.45,12,156,27,61,26587,361,68,114,462,33292,5482,6.072966071,0.164664184,38774
364.4,5392.3,7.21,22345,67689,1.4,0,185,12,32,23359,253,0,275,614,34349,5354,6.415577139,0.155870622,39703
364.5,5393.7,7.19,22103,64576,1.59,0,121,39,36,19327,237,7,335,627,34763,5523,6.294224154,0.158875816,40286
364.6,5395.2,7.19,22565,62773,1.47,15,187,39,39,16248,87,9,332,767,36026,5795,6.216738568,0.160856048,41821
364.7,5396.8,7.21,22224,64103,1.43,10,156,38,33,17111,232,93,436,650,36471,5505,6.62506812,0.150941844,41976
364.8,5398.6,7.21,22546,67094,1.49,0,164,32,48,21236,80,0,291,842,35679,5577,6.397525551,0.156310435,41256
364.9,5400.4,7.21,22383,66116,1.45,0,162,31,56,20200,158,26,438,799,35307,5782,6.10636458,0.16376356,41089
365,5402,7.21,21943,62682,1.85,23,217,35,65,17866,164,0,425,598,34616,5644,6.133238838,0.16304599,40260
365.1,5404,7.22,21592,60659,1.37,8,207,32,27,16995,87,103,473,594,33690,5601,6.014997322,0.166251113,39291
365.2,5405.3,7.2,22118,69523,1.52,15,283,49,41,26756,106,85,516,689,33043,5184,6.374035494,0.156886481,38227
365.3,5406.7,7.18,21748,68540,1.29,11,240,45,36,24861,189,55,869,676,33078,5404,6.121021466,0.163371425,38482
365.4,5408.5,7.17,21665,63863,1.16,0,180,24,27,19623,84,0,799,646,33754,5466,6.175265276,0.161936363,39220
365.5,5410,7.18,22363,70052,1.47,0,213,60,70,25525,66,57,694,678,34167,5414,6.310860731,0.158456991,39581
365.6,5411.2,7.18,22347,69789,1.47,8,213,60,39,24967,45,0,807,773,34211,5636,6.070085167,0.164742334,39847
365.7,5413.1,7.18,22377,70315,1.46,19,291,68,56,25352,23,0,616,674,34492,5632,6.124289773,0.16328424,40124
365.8,5415.3,7.18,22520,72403,1.54,0,227,98,43,27830,19,0,843,645,33340,5658,5.892541534,0.169706059,38998
365.9,5416.9,7.18,21728,67519,1.28,11,257,45,21,22677,104,0,900,686,34007,5617,6.054299448,0.165171876,39624
366,5418.6,7.17,21820,68300,1.52,5,233,78,54,24071,45,64,825,800,33353,5457,6.111966282,0.163613468,38810
366.1,5420.6,7.18,22372,74182,1.38,16,228,54,48,30067,0,0,682,689,33261,5690,5.845518453,0.171071225,38951
366.2,5422.6,7.18,22233,73547,1.38,5,250,57,106,30534,79,41,716,550,32688,5232,6.247706422,0.160058737,37920
366.3,5423.6,7.19,22928,79494,1.33,0,262,99,71,36210,0,44,622,846,33158,5259,6.305000951,0.158604258,38417
366.4,5425.1,7.19,23112,75522,1.37,0,314,104,46,30194,7,0,956,700,34507,5496,6.27856623,0.159272032,40003
366.5,5426.7,7.17,22987,69353,1.46,54,341,93,50,22950,0,0,655,617,35634,5644,6.313607371,0.158388056,41278
366.6,5428.2,7.17,22398,64864,1.35,25,279,119,70,17915,0,24,614,712,35832,5720,6.264335664,0.159633847,41552
366.7,5429.7,7.16,22618,64997,1.46,9,219,58,25,18082,0,171,671,611,36003,5840,6.16489726,0.162208705,41843
366.8,5430.9,7.14,22996,68422,1.25,36,278,94,69,20855,22,79,724,868,36282,5835,6.217994859,0.160823549,42117
366.9,5432.4,7.14,23218,68968,1.45,18,277,68,61,21693,0,71,727,682,35853,5798,6.183684029,0.161715895,41651
367,5433.7,7.14,22911,68954,1.61,0,296,84,52,23307,0,78,708,649,34947,5640,6.196276596,0.161387244,40587
367.1,5435.3,7.14,22614,72133,1.33,26,300,108,26,27296,33,115,844,613,33649,5509,6.108005083,0.163719576,39158
367.2,5436.4,7.14,22386,71480,1.39,12,265,104,38,28018,0,69,700,783,32841,5450,6.02587156,0.165951098,38291
367.3,5437.8,7.12,21991,68591,1.33,44,310,69,65,25539,0,121,751,526,32644,5460,5.978754579,0.167258914,38104
367.4,5439.7,7.12,21852,71360,1.57,20,305,67,17,28877,0,147,665,570,31870,5424,5.875737463,0.170191403,37294
367.5,5441.5,7.11,21280,67806,1.29,24,226,86,60,24755,0,113,740,705,32494,5339,6.086158457,0.164307257,37833
367.6,5443.6,7.1,21887,70040,1.51,32,288,110,78,27433,18,92,628,535,32295,5468,5.906181419,0.169314135,37763
367.7,5445.3,7.09,22258,72863,1.65,10,269,124,58,30745,52,147,669,327,31946,5494,5.814706953,0.171977712,37440
367.8,5446.9,7.09,21729,68755,1.58,32,236,65,77,26499,0,102,785,491,31894,5343,5.969305634,0.167523672,37237
367.9,5448.2,7.1,22010,72969,1.49,0,239,88,77,30636,41,83,891,713,31371,5428,5.779476787,0.173026043,36799
368.1,5451.9,7.32,20047,63664,1.43,19,207,13,54,24780,0,0,464,559,29633,5152,5.751746894,0.173860223,34785
368.2,5453.5,7.32,19935,62308,1.37,22,201,24,43,23458,40,46,423,487,29665,5165,5.743465634,0.174110905,34830
368.3,5455,7.31,19309,58197,1.37,5,204,21,26,20022,140,72,383,529,29211,4698,6.217752235,0.160829824,33909
368.4,5457,7.3,19839,60842,1.41,16,255,25,16,21842,37,132,488,446,29541,5139,5.748394629,0.173961613,34680
368.5,5458.8,7.29,20179,63025,1.31,13,214,43,24,23714,47,189,447,372,29838,5053,5.905006927,0.169347812,34891
368.6,5460.2,7.27,19978,60653,1.39,14,188,41,40,20823,66,14,362,578,30277,5256,5.760464231,0.17359712,35533
368.7,5461.8,7.28,19571,59114,1.5,14,227,27,61,20253,82,98,311,569,29570,5064,5.839257504,0.17125465,34634
368.8,5463.3,7.28,19842,59650,1.55,12,212,56,24,19826,0,75,490,637,30203,4941,6.112730217,0.163593021,35144
368.9,5464.7,7.27,19687,55581,1.42,4,226,24,39,15732,95,0,649,504,30319,4967,6.104086974,0.163824664,35286
369,5466.3,7.28,19771,56447,1.62,10,239,36,47,17140,39,41,353,559,29861,5061,5.900217348,0.169485282,34922
369.1,5468,7.27,19878,58240,1.37,18,245,15,37,18702,124,15,436,567,29949,5083,5.891992918,0.16972186,35032
369.2,5469.6,7.27,19570,57207,1.48,0,211,39,0,18226,40,0,413,547,29710,5015,5.924227318,0.168798384,34725
369.3,5471.1,7.27,19807,60594,1.3,11,252,39,29,21289,107,0,445,581,29784,5178,5.75202781,0.173851732,34962
369.4,5472.6,7.27,20587,69117,1.48,17,201,63,13,29871,80,0,440,490,30092,4954,6.074283407,0.164628473,35046
369.5,5474.3,7.27,20612,70853,1.48,0,223,78,46,31947,146,0,364,586,29553,4806,6.149188514,0.162623084,34359
369.6,5475.9,7.28,20621,71373,1.28,22,276,51,52,33394,59,0,442,483,29050,4750,6.115789474,0.163511188,33800
369.7,5477.6,7.29,20924,72044,1.45,28,265,59,59,33054,120,81,525,477,29343,4982,5.889803292,0.169784957,34325
369.8,5479,7.29,20909,72230,1.35,25,223,71,65,33336,0,104,458,474,29561,4908,6.023023635,0.166029566,34469
369.9,5480.3,7.28,21000,75758,1.37,18,244,90,83,37514,60,59,478,490,28928,5017,5.765995615,0.173430586,33945
370,5481.8,7.27,21647,79298,1.46,0,269,113,38,40141,18,15,509,553,29748,5144,5.783048212,0.172919188,34892
370.1,5483.8,7.28,20997,71494,1.44,21,204,66,28,30672,178,60,595,691,31018,5012,6.188747007,0.161583597,36030
370.2,5485.3,7.29,21221,71262,1.33,11,258,40,33,30023,122,27,539,588,31459,5129,6.133554299,0.163037605,36588
370.3,5487,7.3,20786,64360,1.29,14,211,65,43,22212,77,0,600,528,32246,5435,5.933026679,0.168548037,37681
370.4,5488.8,7.31,21187,67285,1.43,5,249,49,33,26359,60,8,628,524,31569,5220,6.047701149,0.165352086,36789
370.5,5490.4,7.31,21297,68419,1.46,17,266,71,52,27685,0,96,651,570,31030,5191,5.977653631,0.16728972,36221
370.6,5492.1,7.32,20724,64664,1.35,9,278,59,36,23286,7,0,507,556,31487,5193,6.063354516,0.164925207,36680
370.7,5493.9,7.32,20756,65767,1.38,7,249,56,28,24539,46,0,568,504,31513,4952,6.363691438,0.157141497,36465
370.8,5495.5,7.32,20303,61595,1.39,24,278,38,43,21549,0,0,573,491,30423,5227,5.820355845,0.171810801,35650
370.9,5497,7.32,20690,64197,1.53,0,244,35,51,23382,0,0,477,607,31085,5171,6.011409785,0.16635033,36256
371,5498.7,7.33,20578,66103,1.42,0,245,28,0,26789,16,0,585,474,30048,4941,6.081360049,0.164436901,34989
371.1,5500,7.33,20526,68834,1.41,0,304,51,30,30023,50,67,475,551,29265,5140,5.693579767,0.175636426,34405
371.2,5501.5,7.35,20516,70624,1.47,0,233,71,41,31954,123,0,417,549,29141,5241,5.560198435,0.179849696,34382
371.3,5503.3,7.36,20887,75473,1.49,10,274,43,70,37832,0,0,389,516,28754,4897,5.871758219,0.17030674,33651
371.4,5504.8,7.37,20313,72760,1.51,13,256,29,27,34551,9,14,510,630,28733,5002,5.744302279,0.174085546,33735
371.5,5506.4,7.38,20145,70018,1.38,6,216,35,32,31911,70,0,552,551,28656,5153,5.561032408,0.179822725,33809
371.6,5508.1,7.37,21119,73140,1.42,21,247,55,40,33104,22,57,568,613,29825,5368,5.556073025,0.179983236,35193
371.7,5509.9,7.37,20828,71589,1.42,20,258,51,36,32391,0,0,696,474,29578,5195,5.693551492,0.175637298,34773
371.8,5511.5,7.37,21243,74434,1.43,13,261,47,0,34932,97,0,504,632,29842,5061,5.89646315,0.169593191,34903
371.9,5513.2,7.37,21676,77982,1.39,0,281,42,0,38038,0,85,503,590,30339,5226,5.805396096,0.172253535,35565
372,5514.8,7.38,21014,75466,1.4,10,253,62,30,36670,82,185,611,448,29333,4871,6.021966742,0.166058705,34204
372.1,5516.4,7.37,21402,75944,1.3,17,280,19,30,36411,30,74,476,567,29815,5331,5.592759332,0.178802616,35146
372.2,5518,7.34,22054,78136,1.59,17,296,55,44,37022,93,0,564,586,30916,5240,5.9,0.169491525,36156
372.3,5519.8,7.33,21711,73936,1.48,22,229,112,65,33643,148,41,671,581,30413,5135,5.922687439,0.168842271,35548
372.4,5521.3,7.34,21781,76482,1.46,5,272,75,38,36717,71,62,389,463,30324,5067,5.984606276,0.16709537,35391
372.5,5523,7.35,21849,76806,1.44,36,260,43,25,36290,25,120,633,550,30300,5204,5.822444274,0.171749175,35504
372.6,5524.7,7.34,22020,75477,1.38,16,280,121,48,34331,79,41,474,523,31295,5126,6.105150215,0.163796134,36421
372.7,5526.4,7.34,21590,70875,1.38,20,277,112,34,30086,68,80,427,572,30913,5101,6.060184278,0.165011484,36014
372.8,5527.8,7.35,21449,70348,1.34,10,258,69,26,29510,73,25,550,571,31126,5198,5.988072336,0.166998651,36324
372.9,5529.3,7.35,21224,66777,1.31,35,268,82,81,25017,133,14,548,667,31563,5349,5.900729108,0.169470583,36912
373,5530.9,7.35,21358,68712,1.4,27,240,85,69,27078,179,40,631,651,31715,5167,6.137991097,0.162919754,36882
373.1,5532.4,7.35,21226,69313,1.48,24,283,108,79,27761,105,0,626,535,31174,5328,5.850975976,0.170911657,36502
373.2,5533.9,7.35,20809,64316,1.44,37,290,96,65,22693,196,180,592,677,31455,5123,6.139957056,0.162867589,36578
373.3,5535.7,7.36,20752,66076,1.4,54,267,89,55,25948,113,0,617,476,30244,5162,5.858969392,0.170678482,35406
373.4,5537,7.36,20489,63087,1.35,26,298,113,90,22257,132,105,614,553,30914,5058,6.111901938,0.163615191,35972
373.5,5538.6,7.37,20456,63678,1.45,28,290,87,31,23300,29,22,671,676,30478,5149,5.919207613,0.168941532,35627
373.6,5540.4,7.36,20099,63257,1.35,23,276,97,53,23054,167,93,712,577,29985,5351,5.603625491,0.178455895,35336
373.7,5542,7.34,20507,68637,1.36,31,278,111,60,29656,134,0,564,589,29158,5198,5.609465179,0.178270115,34356
373.8,5543.8,7.33,20734,71854,1.48,32,323,76,47,32659,6,57,687,509,29457,5110,5.764579256,0.173473198,34567
373.9,5545.7,7.33,20804,72512,1.46,0,309,50,38,33461,32,0,541,583,29304,5159,5.680170576,0.176051051,34463
374,5547.2,7.33,20926,71889,1.42,31,325,86,82,32421,58,0,550,668,29492,5113,5.768042245,0.173369049,34605
374.1,5548.9,7.33,20636,68530,1.23,14,319,44,28,30421,114,41,558,497,28770,4643,6.196424725,0.161383385,33413
374.2,5550.5,7.33,20128,66022,1.44,5,268,66,22,26494,162,0,623,590,29446,4920,5.98495935,0.167085512,34366
374.3,5552,7.32,20374,69647,1.48,5,285,71,39,31631,131,129,555,631,28478,5018,5.67516939,0.176206194,33496
374.4,5553.7,7.32,20794,72247,1.37,19,316,54,30,33859,115,82,672,488,28559,4930,5.792900609,0.172625092,33489
374.5,5555.2,7.32,21197,70633,1.36,44,340,62,35,30803,82,0,552,575,29834,5167,5.773950068,0.173191661,35001
374.6,5556.7,7.32,21224,71657,1.3,32,328,45,49,31228,42,60,552,655,30200,5023,6.012343221,0.166324503,35223
374.7,5558.4,7.32,21102,68468,1.29,0,227,52,38,28838,89,0,391,512,30103,4973,6.053287754,0.165199482,35076
374.8,5559.8,7.32,20703,65607,1.49,23,204,58,57,25231,41,0,593,552,30279,5260,5.756463878,0.173717758,35539
374.9,5561.4,7.32,20665,66434,1.41,0,237,38,34,26028,55,45,538,654,30658,4985,6.15005015,0.1626003,35643
375,5563.2,7.32,20715,68140,1.46,16,245,52,48,27973,152,35,641,745,29698,5043,5.888954987,0.169809415,34741
375.1,5564.5,7.32,20367,63802,1.5,0,258,59,22,24228,191,0,473,534,29939,5072,5.902799685,0.169411136,35011
375.2,5565.8,7.33,20002,64444,1.44,36,294,69,63,24700,140,103,525,461,29869,5072,5.888998423,0.169808162,34941
375.3,5567.3,7.33,19928,64222,1.41,11,239,69,67,25463,128,101,482,577,29402,4615,6.370964247,0.156962111,34017
375.4,5569.4,7.34,19878,68508,1.43,39,277,86,53,31313,114,10,393,540,27668,5098,5.427226363,0.18425618,32766
375.5,5571,7.34,20646,70370,1.37,27,244,102,30,31099,57,52,491,531,29780,5107,5.831212062,0.171490934,34887
375.6,5572.6,7.34,20896,65268,1.53,49,285,82,39,23126,67,66,683,615,32040,5303,6.041863096,0.16551186,37343
375.7,5574.3,7.34,20910,62343,1.37,18,250,56,38,19063,67,156,545,725,33088,5184,6.382716049,0.156673114,38272
375.8,5576,7.33,20664,59732,1.26,28,269,108,21,16352,0,223,641,605,32561,5417,6.010891637,0.166364669,37978
375.9,5577.6,7.33,20369,57765,1.34,31,212,79,38,15040,0,88,603,598,32689,5360,6.09869403,0.163969531,38049
376,5579.2,7.32,20098,56497,1.3,23,289,88,48,13330,0,134,799,757,32634,5327,6.126149803,0.163234663,37961
376.1,5580.6,7.33,20378,57922,1.44,16,242,41,18,15486,60,39,662,507,32059,5393,5.94455776,0.168221092,37452
376.2,5582.4,7.33,20425,59849,1.35,24,239,65,71,18881,35,93,516,601,30962,4963,6.238565384,0.160293263,35925
376.3,5583.9,7.33,20218,62729,1.35,15,251,31,34,22935,25,79,728,492,30267,5097,5.938198941,0.168401229,35364
376.4,5585.4,7.33,19814,61510,1.62,22,211,60,16,22768,30,30,511,529,29517,5041,5.855385836,0.170782939,34558
376.5,5587.1,7.33,20024,63422,1.29,12,235,53,54,23686,30,131,662,576,29641,5200,5.700192308,0.175432678,34841
376.6,5588.7,7.33,20266,64265,1.53,10,255,67,71,24440,0,231,557,484,29750,5265,5.650522317,0.17697479,35015
376.7,5590.2,7.32,20427,63966,1.36,9,249,53,63,24334,0,0,637,489,30111,5056,5.955498418,0.167912059,35167
376.8,5592.1,7.33,20146,63524,1.42,0,196,56,40,24415,0,23,497,608,29991,4913,6.104416853,0.163815811,34904
376.9,5593.8,7.33,19917,65481,1.4,11,198,60,25,27288,73,13,374,577,29235,4930,5.930020284,0.168633487,34165
377,5595.3,7.34,20286,69865,1.39,19,213,82,31,32117,86,50,393,588,28384,5136,5.526479751,0.180947012,33520
377.1,5596.6,7.35,20607,72844,1.59,30,218,48,42,35487,50,57,371,569,28447,4994,5.696235483,0.17555454,33441
377.2,5598.2,7.36,20348,68499,1.48,0,213,34,33,30799,46,20,368,427,29098,4948,5.880759903,0.170046051,34046
377.3,5599.9,7.37,20230,69322,1.38,24,224,30,56,30733,150,110,365,484,29134,5222,5.579088472,0.17924075,34356
377.4,5601.6,7.38,19662,64034,1.35,17,190,43,23,25679,90,20,512,520,29054,5128,5.66575663,0.176498933,34182
377.5,5603.6,7.39,19496,61432,1.33,23,153,67,32,23678,82,105,424,603,28826,4916,5.863710334,0.170540484,33742
377.6,5605.1,7.39,19770,64540,1.41,14,216,93,30,26296,82,0,322,651,29093,5109,5.694460756,0.175609253,34202
377.7,5606.8,7.4,20370,70802,1.39,15,222,51,58,33464,127,0,391,362,28244,5107,5.530448404,0.180817165,33351
377.8,5608.6,7.42,20572,71668,1.37,28,207,44,42,34034,112,45,344,714,28709,5009,5.73148333,0.174474903,33718
377.9,5609.9,7.44,20412,69179,1.4,7,220,39,34,30254,54,32,358,522,30136,4998,6.029611845,0.165848155,35134
378,5611.7,7.44,20925,68863,1.48,0,241,91,8,29075,92,89,437,536,30595,5235,5.844317096,0.17110639,35830
378.1,5613.1,7.43,21172,71243,1.29,15,210,52,39,30764,0,94,308,598,31378,5388,5.823682257,0.171712665,36766
378.2,5614.6,7.43,21184,70383,1.26,12,205,40,0,29782,82,187,358,506,31372,5471,5.734235058,0.174391177,36843
378.3,5616.2,7.44,20711,62800,1.44,32,217,42,54,21757,87,0,342,512,32131,5364,5.990119314,0.166941583,37495
378.4,5617.3,7.45,20934,64115,1.31,9,222,43,49,21421,88,5,286,568,33217,5259,6.316219814,0.158322546,38476
378.5,5618.6,7.46,20917,63619,1.35,17,205,106,39,20207,49,36,541,711,33428,5559,6.013311747,0.166297714,38987
378.6,5620,7.46,20927,62019,1.32,20,221,47,43,17781,70,41,430,776,34306,5574,6.154646573,0.162478867,39880
378.7,5621.5,7.46,21494,64565,1.4,33,229,76,32,20199,96,0,411,674,34580,5631,6.14100515,0.162839792,40211
378.8,5622.9,7.46,21252,62710,1.34,18,203,34,64,18427,29,154,354,596,34363,5314,6.466503575,0.154643075,39677
378.9,5624.6,7.45,20933,61697,1.42,5,199,27,30,17373,0,0,337,802,34507,5611,6.149884156,0.162604689,40118
379,5626.3,7.45,21032,62401,1.31,18,194,21,21,17898,0,6,369,753,34537,5592,6.176144492,0.16191331,40129
379.1,5628.2,7.44,21748,65860,1.46,5,231,65,37,20773,0,49,226,636,35405,5554,6.374684912,0.156870499,40959
379.2,5630,7.45,21395,60367,1.44,27,255,56,48,14358,0,21,546,609,35617,5624,6.333036984,0.157902125,41241
379.3,5632,7.44,21819,60133,1.36,17,202,52,56,12347,0,19,545,709,37071,5881,6.30351981,0.158641526,42952
379.4,5633.8,7.43,22121,59648,1.29,0,242,93,47,12021,0,111,528,731,37152,5870,6.329131175,0.157999569,43022
379.5,5635.8,7.42,21902,58029,1.36,18,197,75,50,10510,0,196,526,765,36985,5948,6.21805649,0.160821955,42933
379.6,5637.5,7.42,21099,55401,1.31,12,224,48,24,8861,0,0,476,775,36274,5914,6.133581332,0.163036886,42188
379.7,5638.9,7.43,21329,56124,1.28,11,212,0,19,8771,0,95,439,852,36797,5893,6.24418802,0.160148925,42690
379.8,5640.7,7.44,21402,56246,1.29,28,261,83,36,9412,0,0,767,612,36062,5711,6.314480826,0.158366147,41773
379.9,5642,7.45,21341,57384,1.29,0,225,25,44,10544,30,38,500,640,36621,5755,6.363336229,0.157150269,42376
380,5643.6,7.46,21592,59177,1.31,0,232,47,0,11905,0,172,676,550,36844,5753,6.404310794,0.156144827,42597
380.1,5645.2,7.46,21775,61211,1.29,26,331,89,22,14542,0,36,611,732,36049,5846,6.16643859,0.16216816,41895
380.2,5646.4,7.47,20809,58844,1.28,44,242,84,23,12705,36,159,631,791,35236,5465,6.44757548,0.15509706,40701
380.3,5648.4,7.48,20911,58276,1.23,14,237,73,24,12483,48,82,648,771,35304,5689,6.205660046,0.161143213,40993
380.4,5650,7.49,20824,58717,1.32,0,173,29,15,12883,0,85,621,899,35312,5637,6.264324996,0.159634119,40949
380.5,5651.7,7.5,20056,56744,1.31,0,156,51,32,12875,11,69,509,717,33640,5559,6.051448102,0.165249703,39199
380.6,5653.5,7.5,20175,57285,1.39,0,190,47,16,12934,25,0,448,892,34127,5588,6.107193987,0.163741319,39715
380.7,5655.3,7.5,20158,57933,1.28,0,200,55,32,15103,0,0,516,627,33481,5216,6.418903374,0.155789851,38697
380.8,5656.7,7.5,20282,61005,1.34,0,180,52,27,19097,0,80,377,484,32449,5185,6.258244937,0.159789208,37634
380.9,5658.2,7.51,20448,63846,1.64,35,247,63,32,21350,18,69,493,754,32227,5469,5.892667764,0.169702423,37696
381,5660.1,7.5,20458,66095,1.35,15,270,81,30,25364,26,0,406,679,31087,5189,5.990942378,0.166918648,36276
381.1,5661.5,7.51,20213,66360,1.47,23,230,46,52,26250,0,26,489,656,30460,5108,5.963194988,0.167695338,35568
381.2,5663.5,7.52,19643,61884,1.51,0,175,48,0,22041,4,0,552,740,30613,5147,5.947736546,0.168131186,35760
381.3,5665.2,7.52,20322,65049,1.5,33,236,91,18,24885,9,54,445,645,30814,5317,5.795373331,0.172551438,36131
381.4,5666.6,7.52,20595,67212,1.54,29,281,92,73,25846,79,21,547,718,31198,4993,6.248347687,0.16004231,36191
381.5,5668.2,7.53,20837,69154,1.41,26,254,98,45,28455,29,0,550,653,31273,5165,6.054791868,0.165158443,36438
381.6,5670.1,7.53,20945,68797,1.37,11,231,94,45,29025,142,0,477,508,30389,5020,6.053585657,0.165191352,35409
381.7,5671.4,7.53,20798,68219,1.25,20,278,129,42,28000,72,123,554,490,30271,5011,6.040909998,0.165537974,35282
381.8,5672.4,7.53,20540,67107,1.29,38,240,82,9,27163,91,17,478,690,30541,4989,6.121667669,0.16335418,35530
381.9,5674,7.53,19715,63764,1.49,20,203,76,57,25144,135,0,487,426,29074,4937,5.889001418,0.169808076,34011
382,5675.7,7.53,19727,64715,1.55,12,254,80,50,27683,144,0,433,607,27737,4836,5.735525227,0.174351949,32573
382.1,5677.4,7.53,20083,65864,1.38,18,189,62,43,27815,186,93,572,552,28900,4765,6.065057712,0.164878893,33665
382.2,5679.1,7.51,19878,62142,1.37,22,212,78,30,23694,114,0,485,615,28867,5068,5.69593528,0.175563793,33935
382.3,5680.6,7.5,20802,73260,1.47,26,226,64,58,34586,116,58,436,586,29125,5087,5.725378416,0.174660944,34212
382.4,5682.5,7.5,21377,77598,1.42,27,289,52,35,38590,172,13,512,568,29268,5037,5.810601549,0.172099221,34305
382.5,5683.9,7.51,20770,72030,1.51,9,213,89,50,33887,118,0,596,467,28833,4828,5.972038111,0.167447023,33661
382.6,5685.5,7.52,20862,74853,1.46,22,262,67,48,36991,123,105,459,431,28096,5030,5.585685885,0.179029043,33126
382.7,5686.9,7.53,20531,69975,1.43,10,243,31,30,32044,227,59,358,489,28478,5164,5.514717273,0.181332959,33642
382.8,5688.6,7.53,21232,74664,1.53,18,240,60,39,36728,152,0,451,441,28783,4990,5.768136273,0.173366223,33773
382.9,5689.9,7.53,21616,76279,1.61,28,313,94,45,36783,131,0,456,643,29457,5118,5.755568581,0.173744781,34575
383,5691.3,7.54,20709,71381,1.43,38,253,76,36,32250,86,37,522,696,29246,4929,5.933455062,0.168535868,34175
383.1,5692.8,7.53,20938,71047,1.43,28,285,78,65,31583,82,27,650,588,29456,5262,5.597871532,0.178639326,34718
383.2,5694.4,7.51,21480,72867,1.51,20,250,64,80,33424,128,0,464,606,29885,4947,6.041034971,0.165534549,34832
383.3,5695.7,7.51,21316,70451,1.43,36,263,60,47,30922,52,24,414,545,29996,4952,6.057350565,0.165088678,34948
383.4,5697.3,7.51,20201,61689,1.52,14,224,77,50,22257,77,0,426,528,29879,5099,5.859776427,0.170654975,34978
383.5,5698.7,7.52,19991,63113,1.3,22,241,46,33,23376,67,145,583,578,30220,5030,6.007952286,0.166446062,35250
383.6,5700.3,7.51,20688,63910,1.3,15,278,60,47,23793,28,163,360,543,30644,5072,6.041798107,0.165513641,35716
383.7,5701.9,7.51,20632,64852,1.49,17,265,120,33,24323,49,52,489,507,31033,5003,6.202878273,0.16121548,36036
383.8,5703.2,7.52,21152,69580,1.47,29,305,106,75,28084,85,0,503,542,31292,5216,5.999233129,0.166687971,36508
383.9,5704.5,7.53,21616,70396,1.53,31,340,107,39,28470,28,0,544,702,31932,5209,6.13015934,0.163127897,37141
384,5706.1,7.54,21380,69046,1.54,31,310,50,45,26894,44,51,499,558,32040,5212,6.147352264,0.16267166,37252
384.1,5707.2,7.55,21062,66658,1.51,6,292,85,40,24515,0,38,517,773,32153,5349,6.011030099,0.166360837,37502
384.2,5709,7.54,20976,64335,1.29,18,243,67,34,22467,0,30,492,604,31877,5249,6.072966279,0.164664178,37126
384.3,5710.9,7.54,20995,63866,1.38,17,215,52,47,21497,0,0,580,562,32433,5379,6.029559398,0.165849598,37812
384.4,5713.1,7.53,22119,70932,1.48,19,317,132,47,27429,114,0,524,622,33089,5356,6.177931292,0.161866481,38445
384.5,5714.5,7.52,22132,73293,1.42,15,326,51,57,29443,26,0,453,630,32754,5562,5.888888889,0.169811321,38316
384.6,5716.2,7.52,22375,72929,1.57,0,264,50,70,29097,0,78,382,672,33156,5696,5.820926966,0.171793944,38852
384.7,5718.1,7.53,22480,73124,1.37,14,287,71,29,29273,42,64,430,594,33605,5430,6.188766114,0.161583098,39035
384.8,5720.3,7.54,22434,72975,1.42,15,257,38,14,28480,0,0,532,546,34459,5487,6.280116639,0.159232711,39946
384.9,5721.8,7.55,22248,71582,1.32,13,236,30,58,26688,7,40,426,617,34682,5717,6.066468427,0.164840551,40399
385,5723.4,7.56,22430,71343,1.21,12,331,50,17,24895,0,0,489,823,35592,5752,6.187760779,0.16160935,41344
385.1,5724.8,7.55,22341,69953,1.35,17,263,38,37,23332,79,71,639,794,35386,5748,6.156228253,0.162437122,41134
385.2,5726.6,7.56,22049,66233,1.34,27,276,59,32,20357,29,67,532,405,35544,5622,6.322305229,0.158170155,41166
385.3,5728.2,7.56,22240,67478,1.34,26,287,46,62,20897,57,0,474,782,35798,5636,6.35166785,0.157438963,41434
385.4,5729.7,7.55,22201,66704,1.18,6,271,26,53,21508,0,60,465,834,35271,5354,6.587784834,0.151796093,40625
385.5,5731.2,7.56,21580,63009,1.3,29,312,85,54,16874,49,99,355,647,35461,5499,6.448627023,0.155071769,40960
385.6,5732.7,7.56,21244,61618,1.36,28,335,73,44,16865,82,80,356,739,34482,5393,6.393843872,0.156400441,39875
385.7,5734.2,7.56,21271,64213,1.45,16,257,57,48,20367,53,0,399,547,34113,5375,6.346604651,0.157564565,39488
385.8,5735.6,7.55,21373,66773,1.47,16,237,66,25,22156,61,38,401,634,34489,5487,6.285584108,0.159094204,39976
385.9,5737.1,7.54,22701,78367,1.57,27,360,70,58,33553,88,141,463,788,34175,5639,6.060471715,0.165003658,39814
386,5738.8,7.54,23267,81267,1.45,44,297,89,67,35447,157,4,561,652,35019,5642,6.206841546,0.161112539,40661
386.1,5740,7.54,23477,76584,1.38,7,329,38,57,29339,144,0,433,714,36602,5466,6.696304427,0.149336102,42068
386.2,5741.7,7.55,23062,67098,1.32,4,274,88,20,18260,9,10,343,777,37680,5845,6.4465355,0.155122081,43525
386.3,5743.7,7.55,22374,60512,1.33,16,216,39,74,11764,0,113,243,784,38355,5881,6.521850026,0.153330726,44236
386.4,5745.2,7.55,22647,63575,1.34,28,223,51,54,15132,0,0,300,734,38231,5663,6.751015363,0.148125866,43894
386.5,5746.8,7.53,23593,70481,1.35,23,241,81,59,20277,0,32,161,832,39210,6023,6.510044828,0.153608773,45233
386.6,5748.4,7.53,23657,68852,1.25,17,248,27,80,18119,0,21,364,828,39371,5951,6.61586288,0.151151863,45322
386.7,5749.7,7.53,23515,65054,1.35,21,228,61,26,14466,0,0,221,888,39736,6201,6.40799871,0.156054963,45937
386.8,5751.4,7.52,23274,62702,1.31,18,222,64,47,10573,0,74,476,704,40562,6169,6.575133733,0.152088161,46731
386.9,5753,7.51,23405,62739,1.39,12,211,35,43,10695,0,147,475,1008,40630,5944,6.835464334,0.146295841,46574
387,5754.3,7.51,23250,63775,1.25,28,306,43,52,12398,7,58,394,835,39917,5972,6.684025452,0.149610442,45889
387.1,5755.8,7.51,23006,65204,1.56,0,261,96,42,15473,40,10,223,1017,38774,5708,6.792922214,0.147212049,44482
387.2,5757.2,7.51,23137,71183,1.31,16,298,77,70,22613,0,0,348,806,37849,5671,6.674131546,0.149832228,43520
387.3,5758.8,7.5,23205,73751,1.48,33,270,58,46,26890,69,0,242,751,36387,5738,6.341408156,0.157693682,42125
387.4,5760.5,7.5,23063,77495,1.27,21,275,86,59,29856,57,161,558,802,36472,5920,6.160810811,0.162316297,42392
387.5,5762.3,7.49,23771,80619,1.41,21,288,54,54,32167,34,0,423,729,37514,6118,6.131742399,0.163085781,43632
387.6,5763.7,7.49,24131,79642,1.39,30,298,67,18,29501,0,116,568,706,38475,6017,6.394382583,0.156387264,44492
387.7,5765.4,7.5,23966,68885,1.38,11,322,70,54,17280,0,0,304,724,40158,6022,6.668548655,0.149957667,46180
387.8,5767,7.5,23638,60497,1.31,8,233,25,40,6904,0,79,331,829,41768,5994,6.968301635,0.143506991,47762
387.9,5768.6,7.49,23512,56714,1.37,21,283,32,56,3465,0,119,392,681,41862,5734,7.300662714,0.136973867,47596
388,5770.2,7.49,23685,56245,1.4,0,243,27,64,2425,0,0,169,839,42406,6116,6.933616743,0.144224874,48522
388.1,5772,7.48,23764,56072,1.49,13,263,65,80,1819,10,15,213,860,42301,6284,6.73154042,0.148554408,48585
388.2,5773.9,7.47,23547,55491,1.37,13,217,27,70,1852,0,0,296,837,42183,6084,6.933431953,0.144228718,48267
388.3,5775.4,7.46,23544,55049,1.55,0,193,58,44,1819,36,0,330,792,42134,5854,7.197471814,0.138937675,47988
388.4,5777,7.45,23414,55005,1.39,0,286,70,103,1628,23,43,125,680,41841,6015,6.956109726,0.143758514,47856
388.5,5778.5,7.45,23013,54878,1.2,14,233,27,57,1603,93,0,271,838,41726,6232,6.695442875,0.149355318,47958
388.6,5780.2,7.44,22952,53888,1.28,0,204,40,20,1667,0,16,285,724,41095,6231,6.595249559,0.151624285,47326
388.7,5781.9,7.44,22889,53727,1.2,0,271,46,46,2039,0,0,404,786,40887,5805,7.043410853,0.141976667,46692
388.8,5783.4,7.44,22545,53929,1.39,0,220,54,99,2157,0,0,356,789,40448,6143,6.584405014,0.151874011,46591
388.9,5785.1,7.46,22312,52888,1.36,0,243,61,23,2594,19,9,183,807,39387,6114,6.442100098,0.155228883,45501
389,5786.5,7.47,21893,54337,1.35,0,174,27,38,6217,0,64,293,756,37702,5685,6.631838171,0.150787757,43387
389.1,5788,7.48,21820,54297,1.39,0,179,25,50,5689,0,134,337,806,38122,5676,6.716349542,0.148890404,43798
389.2,5789.5,7.47,21893,57350,1.39,13,280,36,92,8496,0,29,380,783,37625,5870,6.409710392,0.156013289,43495
389.3,5790.9,7.46,21774,56939,1.5,0,180,33,40,9803,23,0,264,618,36421,5713,6.3751094,0.156860053,42134
389.4,5792.9,7.46,21702,55791,1.43,9,210,37,54,7995,58,0,228,830,37016,5671,6.527243872,0.15320402,42687
389.5,5794.4,7.45,21509,53246,1.38,9,269,20,35,6129,0,78,370,760,36812,5630,6.538543517,0.152939259,42442
389.6,5796,7.46,20984,51979,1.41,0,249,24,36,5337,0,0,297,696,36278,5819,6.234404537,0.160400243,42097
389.7,5797.5,7.46,20791,53550,1.43,20,277,56,37,7928,11,31,242,776,35297,5689,6.204429601,0.161175171,40986
389.8,5798.8,7.46,20454,52438,1.24,6,234,45,35,8145,0,64,233,697,34432,5397,6.379840652,0.156743727,39829
389.9,5800.3,7.46,20215,49978,1.4,16,193,24,56,5534,0,0,238,734,34529,5444,6.342578986,0.157664572,39973
390,5801.8,7.45,20576,53753,1.35,0,190,54,72,9152,0,57,278,797,34153,5581,6.119512632,0.163411706,39734
390.1,5803.8,7.43,20687,57615,1.28,0,196,36,56,14007,0,27,262,745,33334,5676,5.872797745,0.170276594,39010
390.2,5805.5,7.43,21062,63401,1.3,21,219,44,34,20742,0,0,457,417,32448,5447,5.957040573,0.16786859,37895
390.3,5807.4,7.43,20644,62045,1.46,18,220,62,7,20281,0,8,392,536,31884,5371,5.936324707,0.168454397,37255
390.4,5809.2,7.42,20496,61911,1.36,0,195,14,43,20948,0,151,371,689,31418,5171,6.075807387,0.164587179,36589
390.5,5811,7.42,20966,66573,1.28,6,267,77,34,25182,0,38,333,623,31433,5434,5.784504969,0.17287564,36867
390.6,5812.6,7.41,21150,67180,1.54,8,234,68,40,26290,0,40,327,502,30957,5554,5.57382067,0.17941015,36511
390.7,5814,7.42,20196,59516,1.46,0,119,29,32,19825,0,0,350,700,30532,5291,5.770553771,0.173293594,35823
390.8,5815.4,7.42,20085,61137,1.46,0,147,46,41,21730,0,0,241,768,30376,5043,6.023398771,0.166019226,35419
390.9,5816.8,7.42,19924,63143,1.46,12,213,79,55,23996,0,32,442,560,29644,5448,5.441262849,0.183780866,35092
391,5818,7.42,20497,67617,1.31,0,230,93,58,27950,0,72,394,481,29987,5150,5.822718447,0.171741088,35137
391.1,5819.5,7.41,20503,66865,1.47,23,262,125,49,27945,0,0,245,425,29194,5248,5.562881098,0.179762965,34442
391.2,5821,7.43,20709,69660,1.4,28,243,46,67,30402,0,0,259,518,29772,5141,5.791091227,0.172679027,34913
391.3,5822.3,7.45,20811,71927,1.46,25,310,88,71,32582,0,0,377,526,29730,5240,5.673664122,0.176252943,34970
391.4,5824,7.47,20876,74517,1.54,25,297,100,28,36893,0,12,329,316,28451,5102,5.576440612,0.179325858,33553
391.5,5826.1,7.49,21048,77427,1.49,24,280,84,72,40463,0,0,222,535,27928,4940,5.653441296,0.176883414,32868
391.6,5827.8,7.5,20514,75458,1.34,43,294,95,51,39831,0,7,293,380,27107,4646,5.834481274,0.171394843,31753
391.7,5829.4,7.51,19846,72045,1.31,0,289,82,56,36663,0,38,238,471,26532,4862,5.457013575,0.183250415,31394
391.8,5831.2,7.51,19843,73850,1.47,20,196,60,31,40299,0,0,215,487,25488,4433,5.749605233,0.173924984,29921
391.9,5832.5,7.51,19831,75073,1.37,0,205,57,31,40532,315,26,83,593,25511,4864,5.244860197,0.190662851,30375
392,5834,7.51,20786,83212,1.37,0,227,67,0,48611,143,95,283,309,25484,4949,5.149323096,0.194200283,30433
392.1,5835.9,7.51,21041,83904,1.55,14,238,81,21,49185,0,33,288,617,25919,4816,5.381852159,0.185809638,30735
392.2,5837.5,7.51,21682,90314,1.38,21,232,70,36,55303,18,127,174,516,26220,4912,5.337947883,0.18733791,31132
392.3,5838.9,7.52,22424,93509,1.43,14,246,56,6,57444,29,0,155,464,27429,5018,5.466121961,0.182945058,32447
392.4,5840.9,7.52,22146,87522,1.54,0,236,78,27,50954,0,0,207,498,28033,4924,5.693135662,0.175650127,32957
392.5,5842.5,7.52,21962,82073,1.3,16,203,34,4,43881,35,173,187,492,28989,5156,5.622381691,0.177860568,34145
392.6,5844.4,7.52,21740,78379,1.45,20,224,52,5,39619,0,0,302,539,29734,5095,5.835917566,0.17135266,34829
392.7,5845.9,7.52,22130,82885,1.38,19,266,47,45,44343,0,0,292,695,29680,5076,5.847123719,0.171024259,34756
392.8,5847.3,7.51,22356,85650,1.64,20,227,76,33,47757,0,0,290,511,29289,5126,5.713811939,0.175014511,34415
392.9,5849.3,7.51,22493,82646,1.41,21,228,86,47,43923,0,0,257,335,30275,4936,6.133508914,0.163038811,35211
393,5850.8,7.5,22579,80163,1.46,9,304,75,38,39394,0,52,329,742,31171,5207,5.986364509,0.167046293,36378
393.1,5852.6,7.5,22190,75198,1.37,23,250,104,70,34147,12,117,242,616,31634,5262,6.011782592,0.166340014,36896
393.2,5854.1,7.49,21894,72883,1.51,34,261,76,61,31098,29,17,150,634,32072,5472,5.861111111,0.170616114,37544
393.3,5856.1,7.49,22126,70477,1.47,0,247,51,67,28849,0,0,285,482,32697,5203,6.284259081,0.159127749,37900
393.4,5857.6,7.46,22782,74020,1.48,23,236,86,32,30602,18,44,137,679,33928,5556,6.106551476,0.163758548,39484
393.5,5859,7.42,23366,76655,1.38,34,282,80,55,32121,56,0,298,562,34534,5729,6.027928085,0.165894481,40263
393.6,5860.3,7.4,22645,70951,1.36,46,278,56,34,25933,66,178,267,738,34563,5822,5.936619718,0.168446026,40385
393.7,5862.2,7.38,22353,68948,1.41,28,255,102,31,24096,0,79,310,644,34784,5505,6.318619437,0.15826242,40289
393.8,5863.6,7.36,22262,69139,1.48,32,274,98,90,25411,35,9,392,691,33758,5511,6.125567048,0.163250193,39269
393.9,5865.4,7.35,22147,69854,1.38,22,218,76,27,26189,0,42,370,708,33399,5664,5.896716102,0.169585916,39063
394,5867,7.34,22234,70113,1.52,15,198,63,16,26152,88,112,296,731,34339,5398,6.361430159,0.157197356,39737
394.1,5868.6,7.33,22179,66616,1.48,0,143,44,22,22301,19,0,389,729,34679,5609,6.182742022,0.161740535,40288
394.2,5870.3,7.32,21921,63806,1.36,0,121,62,9,18857,0,0,403,749,34749,5736,6.058054393,0.165069498,40485
394.3,5872.3,7.33,21228,58259,1.22,0,181,62,35,12422,0,35,477,809,35322,5775,6.116363636,0.163495838,41097
394.4,5874,7.34,20937,59323,1.27,14,222,72,85,13260,51,115,487,580,35239,5632,6.256924716,0.159822923,40871
394.5,5875.9,7.36,20863,58040,1.38,17,247,71,59,12391,0,157,475,759,35152,5589,6.289497227,0.158995221,40741
394.6,5877.3,7.38,20103,56356,1.33,29,219,49,29,12436,0,97,493,658,33820,5554,6.089305005,0.164222354,39374
394.7,5878.9,7.4,19807,55961,1.31,24,248,52,83,13283,32,106,594,731,32705,5106,6.405209557,0.156122917,37811
394.8,5880.2,7.41,19669,57447,1.26,24,237,83,13,15368,0,0,375,819,32217,5374,5.994975809,0.166806344,37591
394.9,5881.7,7.43,19771,59416,1.41,17,241,69,25,17383,36,44,485,809,32249,5303,6.08127475,0.164439207,37552
395,5883.3,7.44,19692,58686,1.43,14,206,34,42,17356,10,0,272,611,31844,5273,6.039066945,0.165588494,37117
395.1,5885.2,7.46,19723,59491,1.27,5,216,51,25,17673,0,0,416,579,32156,5370,5.988081937,0.166998383,37526
395.2,5887.3,7.46,19930,61034,1.45,12,229,38,0,19257,0,0,278,722,31868,5622,5.668445393,0.176415213,37490
395.3,5889.5,7.47,20080,60837,1.23,14,249,34,32,19488,0,0,280,566,31994,5416,5.907311669,0.16928174,37410
395.4,5891.3,7.48,19936,58969,1.39,16,199,84,57,17801,0,0,338,630,31435,5290,5.942344045,0.16828376,36725
395.5,5893.2,7.49,19932,59124,1.38,0,160,13,8,18123,0,0,267,673,31691,5245,6.042135367,0.165504402,36936
395.6,5894.8,7.5,19848,58255,1.37,6,192,62,21,17037,0,74,272,485,31872,5113,6.233522394,0.160422942,36985
395.7,5896.4,7.51,19860,57571,1.43,0,164,62,37,15651,0,0,305,614,32344,5433,5.953248666,0.167975513,37777
395.8,5897.6,7.51,19701,55227,1.38,4,151,0,19,14350,0,0,272,600,31680,5223,6.065479609,0.164867424,36903
395.9,5899.2,7.52,19412,54840,1.16,9,146,20,35,13774,0,34,352,624,31426,5079,6.187438472,0.161617769,36505
396,5900.9,7.53,19098,54080,1.42,12,153,28,63,14193,0,11,311,557,30802,5077,6.066968682,0.164826959,35879
396.1,5902.2,7.53,19261,56700,1.23,0,186,0,8,17315,0,0,314,733,30072,5034,5.973778308,0.167398244,35106
396.2,5903.9,7.54,18821,54786,1.43,16,187,11,45,15510,0,176,309,694,29985,5208,5.757488479,0.173686843,35193
396.3,5905.4,7.55,18926,54480,1.25,8,205,44,79,15192,0,156,412,658,30319,4904,6.182504078,0.161746759,35223
396.4,5906.9,7.55,19073,54744,1.31,8,155,41,30,16533,0,0,111,406,29688,4947,6.001212856,0.166632983,34635
396.5,5908.9,7.55,19428,58547,1.35,37,166,61,68,19426,0,0,328,540,29614,5035,5.8816286,0.170020936,34649
396.6,5910.3,7.54,19885,59912,1.42,8,236,28,63,19943,85,0,309,566,30364,5014,6.055843638,0.165129759,35378
396.7,5912.4,7.55,19725,61236,1.26,23,237,93,41,21377,0,0,204,611,30216,5293,5.708671831,0.175172094,35509
396.8,5913.9,7.55,19818,64360,1.41,28,219,71,80,24855,21,0,365,713,29775,5098,5.840525696,0.171217464,34873
396.9,5915.4,7.55,19877,64519,1.57,11,240,72,44,24666,0,187,472,670,30076,5078,5.922804254,0.168838941,35154
397,5917,7.55,20368,67731,1.38,25,215,115,55,27211,76,87,272,524,30831,5360,5.752052239,0.173850994,36191
397.1,5919.1,7.56,20378,67233,1.4,22,227,69,46,26371,166,0,267,725,31347,5241,5.981110475,0.167193033,36588
397.2,5920.5,7.56,20770,69121,1.38,24,208,35,46,29261,96,50,242,543,30800,5069,6.076149142,0.164577922,35869
397.3,5922.2,7.56,20568,65178,1.33,0,248,102,46,24210,50,0,249,585,31744,5315,5.972530574,0.167433216,37059
397.4,5924.3,7.57,20686,65263,1.39,28,250,65,52,22856,111,9,198,720,32520,5412,6.00886918,0.166420664,37932
397.5,5926.2,7.58,20294,60353,1.2,36,258,58,15,17238,110,0,423,735,32930,5522,5.963419051,0.167689037,38452
397.6,5927.9,7.58,20395,57852,1.46,26,229,88,68,14529,93,86,394,553,33806,5350,6.318878505,0.158255931,39156
397.7,5929.6,7.59,20533,58767,1.38,25,215,75,24,14571,36,0,427,734,34248,5525,6.198733032,0.161323289,39773
397.8,5931.1,7.59,20563,60446,1.26,35,237,90,55,15480,110,69,344,695,34339,5581,6.152839993,0.162526573,39920
397.9,5932.6,7.6,20560,60291,1.3,46,193,90,11,15161,158,93,551,713,34354,5673,6.05570245,0.165133609,40027
398,5933.7,7.61,21043,60958,1.43,35,216,42,32,15918,0,0,508,712,35015,5532,6.329537238,0.157989433,40547
398.1,5935.3,7.6,21413,63566,1.41,30,226,58,57,17824,24,0,622,736,35047,5294,6.620136003,0.151054299,40341
398.2,5937,7.6,21338,62417,1.28,8,216,57,60,17294,61,119,513,742,34779,5442,6.390848953,0.156473734,40221
398.3,5938,7.6,21599,62775,1.47,25,264,103,58,17876,46,59,356,606,34715,5532,6.275307303,0.159354746,40247
398.4,5939.6,7.58,21692,62332,1.24,13,231,61,56,17520,0,102,461,837,34665,5308,6.530708365,0.153122746,39973
398.5,5940.9,7.58,21544,62151,1.27,8,234,62,49,16527,85,39,673,762,34585,5566,6.213618397,0.160936822,40151
398.6,5942.6,7.57,21564,60845,1.28,28,238,18,47,15607,57,0,618,538,35045,5659,6.192790246,0.1614781,40704
398.7,5944.2,7.57,21975,64769,1.6,24,225,60,82,19472,0,74,683,752,34664,5647,6.138480609,0.162906762,40311
398.8,5945.8,7.56,21900,63285,1.36,26,246,52,47,18198,57,52,592,767,34260,5626,6.089584074,0.164214828,39886
398.9,5947.1,7.56,21890,63491,1.33,46,270,79,60,18364,94,0,510,760,34437,5582,6.16929416,0.162093098,40019
399,5948.8,7.55,22098,64503,1.32,0,280,20,51,19501,144,0,462,689,34665,5657,6.127806258,0.163190538,40322
399.1,5950.2,7.55,22306,63539,1.36,18,332,109,47,17719,77,0,478,785,35144,5579,6.299336799,0.15874687,40723
399.2,5951.5,7.54,21880,59754,1.38,24,331,89,18,14000,85,0,403,773,35136,5496,6.3930131,0.156420765,40632
399.3,5952.8,7.53,22229,61051,1.24,35,315,67,49,14792,0,0,467,705,35896,5738,6.255838271,0.15985068,41634
399.4,5954.4,7.52,22034,62018,1.35,17,293,65,52,16092,76,0,437,746,35380,5692,6.215741391,0.160881854,41072
399.5,5956.1,7.51,21770,59573,1.4,32,298,75,26,13768,36,0,416,606,35627,5791,6.15213262,0.162545261,41418
399.6,5957.5,7.5,22725,67393,1.34,39,331,90,67,20533,62,64,251,649,36303,5822,6.235486087,0.160372421,42125
399.7,5959.4,7.51,23028,69877,1.37,14,318,85,38,22756,71,162,535,668,36638,5712,6.414215686,0.155903707,42350
399.8,5961.5,7.51,22952,67733,1.34,12,275,67,24,19973,162,10,498,873,36818,6004,6.13224517,0.16307241,42822
399.9,5963.1,7.52,23075,65663,1.39,41,307,61,40,17974,133,0,441,788,37030,5976,6.196452477,0.161382663,43006
400,5964.4,7.52,22977,65074,1.38,43,320,70,64,18383,60,44,319,498,36548,5823,6.276489782,0.159324724,42371
400.1,5966.3,7.51,22809,64287,1.24,0,259,36,58,17404,0,82,434,644,36840,5899,6.245126293,0.160124864,42739
400.2,5968.2,7.5,22651,63317,1.43,7,272,63,84,17203,0,45,382,655,35972,5552,6.479106628,0.154342266,41524
400.3,5969.9,7.48,22392,62966,1.44,14,235,32,42,17526,130,50,343,847,35285,5847,6.034718659,0.165707808,41132
400.4,5971.6,7.46,22204,64490,1.44,15,223,56,19,19019,159,51,438,815,35135,5646,6.222989727,0.160694464,40781
400.5,5973.4,7.45,21629,63195,1.37,10,194,44,8,18639,91,0,584,758,34293,5673,6.044949762,0.165427347,39966
400.6,5974.9,7.44,21459,63855,1.4,32,255,68,27,20771,186,11,301,693,33328,5450,6.115229358,0.163526164,38778
400.7,5976.5,7.43,21362,61979,1.36,28,200,87,26,18320,128,69,406,801,33610,5527,6.081056631,0.164445106,39137
400.8,5978.2,7.44,20884,57731,1.4,8,193,58,52,13297,230,174,433,795,34167,5633,6.065506835,0.164866684,39800
400.9,5980,7.46,21279,61465,1.5,29,203,41,39,16884,197,39,380,702,34621,5618,6.16251335,0.162271454,40239
401,5981.6,7.48,21532,61336,1.4,27,239,66,10,16722,202,23,353,781,34732,5810,5.977969019,0.167280894,40542
401.1,5982.5,7.5,21761,63087,1.36,19,241,79,71,17586,120,0,487,758,35423,5697,6.217833948,0.160827711,41120
401.2,5984,7.51,22132,66443,1.37,0,214,125,53,20595,135,113,365,667,35425,5798,6.109865471,0.163669725,41223
401.3,5985.5,7.52,22433,68098,1.31,12,225,75,38,22068,70,35,561,738,35147,5772,6.089223839,0.164224543,40919
401.4,5987,7.51,23178,69499,1.35,11,285,83,60,22000,109,97,498,763,36728,6074,6.046756668,0.165377913,42802
401.5,5988.3,7.5,23441,70788,1.49,25,264,83,80,22782,189,0,354,844,37366,5867,6.368842679,0.157014398,43233
401.6,5989.6,7.49,23142,66993,1.33,0,219,53,17,19277,106,0,473,895,37045,6115,6.058053966,0.16506951,43160
401.7,5991.3,7.49,23508,70464,1.34,18,258,71,70,23159,287,179,392,644,36599,5812,6.29714384,0.158802153,42411
401.8,5993,7.48,23026,69000,1.56,12,250,90,16,22000,193,95,473,778,36343,5827,6.237000172,0.160333489,42170
401.9,5994.6,7.47,21960,64385,1.33,17,324,58,44,19092,231,0,323,797,34931,5464,6.392935578,0.156422662,40395
402,5996.3,7.46,21701,64700,1.55,15,197,45,14,19747,251,0,211,505,34947,5792,6.033667127,0.165736687,40739
402.1,5997.9,7.46,23209,71098,1.41,8,249,76,69,24378,181,0,402,615,36372,5950,6.112941176,0.163587375,42322
402.2,5999.6,7.47,23693,72162,1.62,23,249,86,58,23637,198,0,642,745,37531,5920,6.339695946,0.157736271,43451
402.3,6001.1,7.48,24197,74962,1.33,28,298,91,63,27550,274,0,367,741,36913,5789,6.376403524,0.156828218,42702
402.4,6003,7.49,23555,72198,1.29,26,330,91,64,23828,236,160,388,772,37186,5935,6.265543387,0.159603076,43121
402.5,6004.5,7.48,23752,71093,1.36,19,303,56,54,22194,225,79,352,809,37903,6051,6.263923318,0.159644355,43954
402.6,6005.8,7.47,23597,72082,1.25,35,341,78,82,23363,306,0,504,680,37457,6067,6.173891544,0.161972395,43524
402.7,6007.2,7.47,23480,71028,1.25,33,354,25,35,23614,255,0,336,654,36963,5909,6.25537316,0.159862565,42872
402.8,6008.8,7.46,23554,71586,1.46,9,288,75,80,25026,241,0,324,675,36198,5693,6.358334797,0.157273883,41891
402.9,6010.1,7.47,23128,68957,1.3,29,280,69,43,21675,356,0,299,795,36618,5809,6.303666724,0.158637828,42427
403,6011.7,7.47,23220,69261,1.41,31,304,77,50,22304,241,0,319,759,36539,5868,6.226823449,0.160595528,42407
403.1,6012.9,7.47,22060,63846,1.43,28,252,46,27,18070,112,56,270,702,36034,5522,6.525534227,0.153244158,41556
403.2,6014.3,7.47,22243,68190,1.46,10,294,87,55,22436,190,70,333,907,35018,5662,6.184740374,0.161688275,40680
403.3,6015.8,7.48,20021,57638,1.26,16,217,34,40,14713,132,48,304,843,33576,5347,6.279409014,0.159250655,38923
403.4,6017.7,7.49,20370,60023,1.4,0,189,21,0,15834,93,19,261,810,34634,5596,6.189063617,0.161575331,40230
403.5,6019.2,7.5,21758,64087,1.3,15,218,37,70,18641,169,19,506,699,35218,5815,6.056405847,0.16511443,41033
403.6,6020.9,7.51,22461,67633,1.39,12,207,56,41,21256,226,0,483,707,36012,5852,6.153793575,0.162501388,41864
403.7,6022.5,7.52,23060,70593,1.32,18,324,77,70,23541,166,47,479,661,36229,5586,6.485678482,0.154185873,41815
403.8,6024.1,7.52,21907,61547,1.22,48,317,170,75,14939,96,0,578,804,36038,5620,6.412455516,0.155946501,41658
403.9,6025.8,7.52,21629,59236,1.37,0,252,30,20,14124,0,0,378,606,35500,5630,6.305506217,0.158591549,41130
404,6027.5,7.52,21640,63799,1.51,0,233,20,30,19243,67,0,500,580,34568,5720,6.043356643,0.165470956,40288
404.1,6029.1,7.52,21556,67941,1.5,18,248,67,41,24261,42,22,669,819,33415,5776,5.785145429,0.172856502,39191
404.2,6030.4,7.5,23600,71031,1.36,20,287,76,107,22456,123,26,757,638,37289,5884,6.33735554,0.157794524,43173
404.3,6032.1,7.49,23234,62172,1.33,12,245,50,49,13503,22,0,286,588,38209,5864,6.515859482,0.153471695,44073
404.4,6033.6,7.47,22053,52936,1.38,17,289,45,50,5599,0,49,282,649,37180,5773,6.440325654,0.155271651,42953
404.5,6035.1,7.44,21014,54918,1.31,0,247,15,52,10525,68,0,380,597,34523,5602,6.162620493,0.162268633,40125
404.6,6037,7.43,21524,64010,1.4,26,253,4,11,21899,180,18,362,496,32384,5480,5.909489051,0.169219368,37864
404.7,6038.3,7.43,22440,72227,1.33,31,380,30,47,29840,145,124,406,578,32154,5357,6.00224006,0.166604466,37511
404.8,6040.1,7.43,22316,79100,1.52,11,454,27,21,39134,235,0,248,545,30043,5314,5.653556643,0.176879806,35357
404.9,6041.7,7.42,21327,72075,1.23,7,324,68,50,32418,251,58,345,612,29849,5229,5.708357238,0.175181748,35078
405,6043.5,7.39,21480,73421,1.52,11,350,42,50,32990,295,0,252,615,30315,5527,5.484892347,0.182318984,35842
405.1,6045,7.38,22435,76013,1.48,10,283,53,71,33940,255,0,326,545,32382,5430,5.963535912,0.167685751,37812
405.2,6046.7,7.38,23970,83391,1.46,8,431,43,60,37928,372,0,486,622,34420,5675,6.065198238,0.164875073,40095
405.3,6048.4,7.37,23151,77864,1.43,12,354,31,60,34059,318,103,417,651,33414,5519,6.054357673,0.165170288,38933
405.4,6050,7.35,23060,79061,1.39,6,366,53,28,35831,370,0,286,581,32855,5625,5.840888889,0.171206818,38480
405.5,6051.6,7.34,22446,75357,1.46,14,311,29,20,32919,280,0,310,666,32355,5500,5.882727273,0.169989183,37855
405.6,6053,7.34,21752,73984,1.39,18,326,36,11,32225,290,55,513,503,31735,5230,6.067877629,0.164802269,36965
405.7,6054.4,7.34,20650,66348,1.39,16,266,64,55,23176,192,0,290,735,33280,5432,6.126656848,0.163221154,38712
405.8,6055.9,7.35,21911,69395,1.17,16,275,47,24,24172,214,15,405,824,35049,5756,6.089124392,0.164227225,40805
405.9,6057.6,7.38,22792,70998,1.44,34,248,56,38,26149,244,0,271,612,34992,5699,6.140024566,0.162865798,40691
406,6058.8,7.4,22860,73571,1.37,15,306,75,47,28668,207,0,294,601,34719,5607,6.192081327,0.161496587,40326
406.1,6059.9,7.42,21567,65988,1.19,0,298,74,65,22375,115,0,406,615,33726,5540,6.087725632,0.164264959,39266
406.2,6061.6,7.42,21824,67028,1.43,15,251,63,55,21358,169,87,469,749,35153,5728,6.137046089,0.162944841,40881
406.3,6063.4,7.41,22955,70716,1.31,0,256,33,30,24680,106,0,408,596,35629,5783,6.160989106,0.1623116,41412
406.4,6065,7.39,23545,73877,1.2,18,355,55,0,27253,178,94,400,702,35969,5941,6.054367952,0.165170008,41910
406.5,6066.8,7.36,23412,74293,1.54,77,317,105,29,27497,154,49,357,691,35916,5833,6.157380422,0.162406727,41749
406.6,6068.6,7.34,23614,74999,1.41,40,361,87,83,27255,154,188,448,767,36692,5870,6.25076661,0.159980377,42562
406.7,6070.3,7.32,23185,71426,1.49,20,278,70,48,24940,40,0,380,749,36306,5822,6.236001374,0.160359169,42128
406.8,6072,7.3,22932,69664,1.38,9,280,81,34,22375,153,0,511,775,36291,5952,6.097278226,0.164007605,42243
406.9,6073.6,7.3,22136,67125,1.21,25,289,44,60,20457,277,143,544,898,35801,5622,6.368018499,0.15703472,41423
407,6075.2,7.3,21893,64798,1.29,15,263,58,6,18332,152,102,501,736,35803,5635,6.353682343,0.157389046,41438
407.1,6076.3,7.29,22972,67566,1.42,21,334,103,41,20405,170,0,498,688,36340,5802,6.263357463,0.159658778,42142
407.2,6078,7.27,22826,67236,1.45,47,333,78,49,19085,213,0,542,744,36625,6212,5.895846748,0.169610922,42837
407.3,6079.5,7.27,22817,64775,1.44,16,277,83,43,15698,229,68,476,1040,37589,6147,6.115015455,0.163531884,43736
407.4,6080.7,7.29,22499,62669,1.34,50,252,106,42,12978,133,45,566,917,38277,5945,6.438519765,0.155315202,44222
407.5,6082.2,7.32,23372,64900,1.52,38,273,106,73,13692,301,162,514,959,39243,6472,6.063504326,0.164921132,45715
407.6,6083.7,7.32,23163,64960,1.36,50,309,104,36,14307,209,165,676,759,38736,6261,6.186871107,0.16163259,44997
407.7,6085.4,7.32,23299,66442,1.41,45,359,70,61,16253,216,195,469,816,38507,6016,6.400764628,0.156231335,44523
407.8,6086.8,7.31,23316,67788,1.32,27,331,82,51,18010,237,80,410,836,38076,6263,6.07951461,0.164486816,44339
407.9,6088.4,7.3,22594,64518,1.38,60,313,116,46,14957,180,57,413,901,37987,6026,6.303849983,0.158633217,44013
408,6089.9,7.27,22234,67110,1.31,28,323,92,35,20953,111,43,768,701,35138,5742,6.119470568,0.163412829,40880
408.1,6091.1,7.26,22182,69555,1.43,11,321,83,61,22898,148,115,799,896,35218,5820,6.051202749,0.165256403,41038
408.2,6093.1,7.27,21941,67801,1.51,7,247,95,46,21386,80,55,795,870,35450,5410,6.552680222,0.152609309,40860
408.3,6094.5,7.28,22064,67052,1.41,19,272,116,45,21664,22,0,710,653,34512,5858,5.891430522,0.169738062,40370
408.4,6096.2,7.27,22206,68015,1.57,34,300,100,90,22077,109,113,630,724,35085,5736,6.116631799,0.16348867,40821
408.5,6097.8,7.26,21981,67076,1.42,70,312,117,50,21253,0,37,757,698,34513,5740,6.01271777,0.166314142,40253
408.6,6099.5,7.26,22051,67451,1.26,67,286,104,48,20879,11,252,928,809,35314,5813,6.075004301,0.164608937,41127
408.7,6101.1,7.26,22695,68710,1.41,19,341,108,26,21457,50,0,652,592,36097,5948,6.068762609,0.164778236,42045
408.8,6102.5,7.26,22855,69342,1.4,30,332,108,65,21854,28,155,764,806,35978,5851,6.149034353,0.162627161,41829
408.9,6104.2,7.26,22703,66212,1.36,31,287,107,57,19104,50,0,888,699,36073,5644,6.391389086,0.156460511,41717
409,6106,7.26,22713,65231,1.37,26,314,130,75,17474,7,0,859,820,36456,5790,6.296373057,0.158821593,42246
409.1,6107.8,7.25,22663,65757,1.3,56,345,131,71,17306,101,125,864,869,36761,5864,6.268929059,0.159516879,42625
409.2,6109.2,7.25,22525,65600,1.33,50,344,135,49,17231,136,138,829,775,36634,5947,6.160080713,0.162335535,42581
409.3,6110.7,7.25,22301,61540,1.42,42,361,138,75,13656,94,8,807,636,36379,5727,6.352191374,0.157425988,42106
409.4,6112.1,7.25,22012,61790,1.29,52,364,138,51,14022,59,68,767,821,36011,5612,6.41678546,0.155841271,41623
409.5,6113.7,7.25,21843,60921,1.44,53,290,136,61,14930,0,19,574,749,35392,5515,6.417407072,0.155826175,40907
409.6,6115.5,7.25,21969,63554,1.47,34,268,113,42,16457,12,89,943,900,35653,5648,6.3125,0.158415842,41301
409.7,6117.3,7.24,22346,66027,1.34,21,273,93,63,18225,47,49,813,867,36466,5764,6.326509368,0.158065047,42230
409.8,6118.9,7.25,21991,61464,1.29,21,278,87,77,13370,0,81,970,947,36527,5616,6.504095442,0.153749281,42143
409.9,6120.3,7.25,22139,60966,1.49,29,365,141,69,12664,0,92,789,916,36543,5873,6.222203303,0.160714774,42416
410,6121.7,7.26,21908,59978,1.29,42,313,87,68,14449,0,109,756,618,35039,5380,6.512825279,0.153543195,40419
410.1,6123.5,7.26,21531,59782,1.36,49,339,128,93,13778,5,42,722,707,34876,5607,6.22008204,0.160769584,40483
410.2,6124.9,7.26,21355,58988,1.32,52,388,111,47,11843,0,305,982,615,35262,5694,6.192834563,0.161476944,40956
410.3,6126,7.25,21627,57647,1.4,62,425,107,55,9811,35,0,908,552,36220,5855,6.18616567,0.161651022,42075
410.4,6127.7,7.24,21956,59304,1.35,37,390,77,53,10879,0,149,729,912,36549,5697,6.415481833,0.155872938,42246
410.5,6129.2,7.23,22012,58712,1.32,27,417,117,96,11118,0,71,881,712,36128,5521,6.543742076,0.152817759,41649
410.6,6130.6,7.22,21714,61880,1.25,33,439,118,42,14921,13,43,1007,941,35111,5683,6.178250924,0.161858107,40794
410.7,6131.8,7.23,22451,67136,1.3,33,357,113,41,19639,0,0,1029,622,35767,5745,6.225761532,0.160622921,41512
410.8,6133.2,7.23,22729,65120,1.46,30,343,83,46,17213,0,0,684,799,36651,5821,6.296340835,0.158822406,42472
410.9,6134.8,7.23,22454,63355,1.43,46,358,123,77,15100,0,71,845,669,36776,5922,6.210064168,0.161028932,42698
411,6136.2,7.23,22385,62975,1.32,30,396,49,82,14340,0,100,814,645,37044,5775,6.414545455,0.155895692,42819
411.1,6138,7.23,22346,62115,1.3,44,380,119,59,13095,80,142,782,737,37382,6071,6.157469939,0.162404366,43453
411.2,6139.3,7.23,22546,61498,1.61,63,411,95,97,11249,40,159,878,648,38065,5854,6.502391527,0.15378957,43919
411.3,6140.8,7.23,22716,62512,1.22,42,418,98,77,13273,9,88,751,658,37499,5968,6.283344504,0.159150911,43467
411.4,6142.2,7.23,22779,64628,1.23,34,373,110,69,15411,132,0,812,699,37768,5935,6.363605729,0.157143614,43703
411.5,6143.7,7.23,22792,66775,1.36,42,446,126,71,17940,82,207,683,982,37024,5959,6.213123007,0.160949654,42983
411.6,6145.5,7.25,22651,64460,1.41,27,407,133,75,16570,0,107,861,742,36441,5836,6.244174092,0.160149282,42277
411.7,6146.9,7.24,21954,62716,1.44,44,384,119,73,15020,24,138,889,672,36249,5900,6.143898305,0.162763111,42149
411.8,6148,7.25,22016,62617,1.35,43,409,98,68,14877,0,0,893,687,36174,6012,6.016966068,0.166196716,42186
411.9,6149.8,7.25,22295,61430,1.36,52,389,118,53,13574,0,137,1057,679,36266,5928,6.117746289,0.163458887,42194
412,6151.1,7.25,22304,61178,1.41,0,430,123,64,12693,13,0,747,811,36746,6000,6.124333333,0.163283078,42746
412.1,6152.8,7.23,22606,63088,1.46,29,334,124,38,15160,0,75,706,824,36700,5852,6.271360219,0.159455041,42552
412.2,6154.3,7.23,21804,62907,1.24,58,462,125,69,15586,26,130,1014,767,35526,5763,6.164497657,0.16221922,41289
412.3,6155.6,7.23,21327,59572,1.26,35,352,112,50,14102,6,17,829,542,34677,5739,6.042341871,0.165498746,40416
412.4,6157.2,7.22,21647,62907,1.44,19,398,103,79,16381,98,34,845,818,34804,5877,5.922069083,0.168859901,40681
412.5,6158.7,7.22,21356,60365,1.19,51,329,135,61,13870,62,0,843,927,34719,6061,5.728262663,0.174573,40780
412.6,6160,7.22,21690,61092,1.39,40,332,104,74,14491,0,8,702,661,35410,5820,6.08419244,0.16436035,41230
412.7,6161.5,7.22,22303,64716,1.35,63,362,133,53,17392,68,125,696,718,35782,6037,5.927116117,0.168716114,41819
412.8,6163,7.23,22693,65763,1.42,52,385,93,60,17081,78,149,795,778,36303,5935,6.116764954,0.163485111,42238
412.9,6164.5,7.23,22538,62965,1.35,37,379,108,57,13684,108,126,819,825,37059,6102,6.073254671,0.164656359,43161
413,6166.1,7.23,22584,63343,1.36,35,379,110,64,14944,60,0,871,810,36493,5843,6.245593017,0.160112898,42336
413.1,6167.6,7.23,22449,64824,1.47,29,408,56,91,17479,27,0,753,671,36131,5889,6.135337069,0.16299023,42020
413.2,6169.3,7.22,22282,66789,1.47,40,328,96,24,20676,54,0,539,777,35189,5757,6.112384923,0.163602262,40946
413.3,6170.9,7.22,22313,69121,1.43,16,326,108,60,23157,0,96,569,625,34971,5856,5.97182377,0.167453033,40827
413.4,6172.5,7.22,22837,73024,1.49,38,362,65,41,27003,103,145,551,784,34843,5749,6.06070621,0.164997273,40592
413.5,6173.9,7.2,23124,70609,1.42,50,346,103,40,22884,59,20,508,659,36430,5857,6.219907803,0.160774087,42287
413.6,6175.4,7.18,23423,70291,1.42,26,373,84,79,21205,72,29,650,811,36964,6042,6.117841774,0.163456336,43006
413.7,6176.8,7.17,23024,69717,1.48,33,376,113,101,22061,53,130,571,772,36129,6189,5.837615124,0.171302832,42318
413.8,6178.4,7.16,23213,72372,1.32,65,508,301,84,24764,104,0,685,767,35866,5738,6.250609969,0.159984386,41604
413.9,6179.9,7.15,22921,69925,1.49,29,360,109,29,22089,104,0,560,818,36610,5757,6.359214869,0.157252117,42367
414,6181.4,7.16,21544,62389,1.37,27,305,67,43,15124,0,0,536,906,36298,5802,6.25611858,0.159843518,42100
414.1,6183.2,7.15,22134,62468,1.27,32,271,92,40,14459,29,122,606,764,36788,5997,6.134400534,0.163015114,42785
414.2,6184.8,7.14,22923,64999,1.32,31,366,73,40,16086,17,32,782,643,37117,6160,6.025487013,0.165961689,43277
414.3,6186,7.13,23353,67419,1.38,33,387,99,81,17687,0,90,852,933,37664,6111,6.16331206,0.162250425,43775
414.4,6188,7.14,23268,65817,1.46,53,434,151,64,16993,99,0,558,756,37016,5938,6.233748737,0.160417117,42954
414.5,6189.4,7.15,22356,63262,1.45,16,382,125,42,15731,94,117,821,763,35664,5993,5.950942767,0.168040601,41657
414.6,6190.9,7.16,21543,62629,1.41,27,331,44,6,17988,55,85,676,513,33866,5636,6.00887154,0.166420599,39502
414.7,6192.9,7.16,20594,58631,1.34,25,281,47,19,13777,122,92,345,747,34227,5757,5.945284002,0.168200543,39984
414.8,6194.6,7.15,21225,61335,1.5,19,268,38,28,15564,49,0,410,823,35228,5717,6.161973063,0.162285682,40945
414.9,6196.3,7.15,22072,65610,1.38,18,251,46,46,19892,68,0,435,635,35184,5784,6.082987552,0.164392906,40968
415,6197.8,7.16,22758,69680,1.55,0,284,47,82,22648,97,0,474,847,35730,5788,6.173116793,0.161992723,41518
415.1,6198.5,7.19,22544,68484,1.29,18,306,52,79,20901,243,9,488,842,36079,5833,6.185324876,0.161672995,41912
415.2,6200.6,7.21,22683,70482,1.53,15,326,42,43,24267,118,33,510,853,35140,5632,6.239346591,0.160273193,40772
415.3,6203.4,7.23,22347,67596,1.43,15,312,25,29,21251,117,0,331,728,35701,5706,6.256747284,0.159827456,41407
415.4,6206.4,7.25,22138,66406,1.36,21,286,60,70,19117,159,121,512,734,35965,5907,6.088539021,0.164243014,41872
415.5,6210.8,7.26,22117,61656,1.38,21,307,77,41,14504,177,0,327,653,36321,5691,6.382182393,0.156686215,42012
415.6,6215.1,7.26,22295,62343,1.26,22,384,64,27,13949,236,31,574,794,36818,5823,6.322857634,0.158156337,42641
415.7,6218.6,7.26,22451,63706,1.28,16,286,40,41,16065,151,0,432,677,36845,5931,6.21227449,0.160971638,42776
415.8,6221,7.25,21992,64514,1.4,16,287,83,58,17446,22,45,508,914,35951,5796,6.202726018,0.161219438,41747
415.9,6223.5,7.26,21843,62175,1.38,27,267,69,30,15287,78,0,671,764,35932,5788,6.208016586,0.161082044,41720
416,6225.7,7.25,22642,64680,1.4,26,318,88,48,15494,65,61,744,885,37504,5938,6.31593129,0.158329778,43442
416.1,6228.1,7.24,22743,64802,1.37,18,309,69,36,15543,88,0,563,914,37951,5960,6.36761745,0.15704461,43911
416.2,6230.3,7.25,22430,61206,1.46,19,312,73,78,13087,50,170,601,772,36812,5735,6.418831735,0.15579159,42547
416.3,6232.7,7.25,22307,61925,1.45,31,331,123,55,12799,33,60,688,938,37077,6114,6.064278705,0.164900073,43191
416.4,6235.5,7.25,22222,61257,1.34,57,328,100,79,13439,0,25,634,728,36878,5680,6.492605634,0.154021368,42558
416.5,6238.3,7.26,21596,60400,1.31,10,342,129,58,12655,0,0,630,1004,36406,5996,6.071714476,0.164698127,42402
416.6,6240.7,7.26,21271,57901,1.37,26,267,58,38,10228,47,0,579,844,36500,5773,6.322535943,0.158164384,42273
416.7,6243.4,7.26,21842,60996,1.35,6,275,56,52,12481,0,33,713,832,37418,5944,6.295087483,0.158854027,43362
416.8,6246.2,7.26,22054,59597,1.47,11,325,97,50,9582,25,76,786,814,37816,6333,5.971261645,0.167468796,44149
416.9,6248.5,7.25,22638,59239,1.26,40,337,84,69,8014,30,28,803,909,39622,6089,6.50714403,0.15367725,45711
417,6250.9,7.25,22929,58966,1.22,39,408,124,68,6967,0,63,1034,845,39681,5900,6.72559322,0.148685769,45581
417.1,6253.5,7.26,22550,58725,1.27,41,353,76,53,6293,54,11,689,918,39967,6373,6.2713008,0.159456552,46340
417.2,6256.6,7.26,22439,59567,1.38,19,329,84,18,9263,0,161,800,851,38957,6133,6.352030002,0.157429987,45090
417.3,6259.2,7.26,21739,57812,1.34,28,335,87,42,8555,77,68,666,852,37876,5852,6.472317157,0.154504172,43728
417.4,6262.3,7.26,21652,57900,1.38,30,340,96,91,8962,0,0,763,869,37340,5953,6.272467663,0.159426888,43293
417.5,6264.5,7.26,21252,57596,1.4,39,310,57,88,10418,32,28,684,734,36156,5867,6.162604397,0.162269056,42023
417.6,6267.3,7.27,21251,62889,1.42,18,313,57,74,17709,42,60,813,769,34283,5529,6.200578767,0.161275268,39812
417.7,6269.7,7.28,20515,63943,1.28,31,333,90,70,21637,0,20,791,672,31892,5322,5.992484029,0.166875706,37214
417.8,6272.2,7.28,19160,62536,1.24,0,323,39,39,23762,43,0,593,597,29352,4928,5.956168831,0.167893159,34280
417.9,6274.7,7.28,19385,69159,1.38,18,285,25,39,32584,49,0,655,444,27385,4824,5.676824212,0.176154829,32209
418,6277.1,7.28,19812,70022,1.4,33,274,58,43,32034,76,58,563,535,28488,5060,5.630039526,0.177618646,33548
418.1,6279.6,7.26,19694,67609,1.33,24,222,48,53,29418,74,182,458,821,28902,5128,5.636115445,0.177427168,34030
418.2,6282.3,7.23,21262,73069,1.52,22,279,47,53,32392,96,84,469,734,30861,5191,5.945097284,0.168205826,36052
418.3,6284.6,7.22,21278,70736,1.36,18,262,84,33,29832,101,17,461,691,31242,5263,5.936158085,0.168459126,36505
418.4,6287.3,7.23,20694,70441,1.36,6,274,64,44,31480,22,19,586,790,29696,5009,5.928528648,0.168675916,34705
418.5,6289.5,7.24,19997,65241,1.34,18,273,74,24,25825,66,0,696,586,29846,5204,5.735203689,0.174361724,35050
418.6,6292.3,7.25,20533,62191,1.33,28,227,60,57,20760,101,101,671,680,31457,5339,5.891927327,0.16972375,36796
418.7,6294.5,7.25,21169,62585,1.39,8,292,55,53,19343,204,0,585,612,33158,5610,5.910516934,0.169189939,38768
418.8,6297.2,7.25,21369,61520,1.42,21,302,64,61,15895,200,0,769,717,34902,5577,6.258203335,0.15979027,40479
418.9,6299.6,7.25,21712,61975,1.4,50,330,56,71,15462,0,21,752,763,35601,5683,6.26447299,0.159630347,41284
419,6301.8,7.25,21125,57085,1.25,15,327,72,53,11117,0,0,714,766,35527,5659,6.277964305,0.159287303,41186
419.1,6304.6,7.26,21179,57751,1.35,44,346,67,68,10794,0,24,1053,754,35903,5770,6.222357019,0.160710804,41673
419.2,6307,7.26,21168,54425,1.31,37,315,119,97,6339,0,0,947,822,37380,5910,6.324873096,0.158105939,43290
419.3,6309.7,7.26,21828,54370,1.36,36,263,107,38,3331,11,19,933,874,39557,5796,6.824879227,0.146522739,45353
419.4,6312.1,7.26,22141,55091,1.27,21,284,98,27,2923,43,186,816,876,40302,6003,6.713643178,0.148950424,46305
419.5,6314.8,7.24,22325,55731,1.26,22,318,99,62,3923,21,0,627,1054,40166,6154,6.52681183,0.153214161,46320
419.6,6317.3,7.24,21892,56198,1.34,42,335,76,66,5659,12,19,773,870,39206,5841,6.712206814,0.148982299,45047
419.7,6319.5,7.23,21830,59064,1.12,12,313,63,55,10443,40,43,739,688,37916,5794,6.544011046,0.152811478,43710
419.8,6322.4,7.23,21335,58547,1.38,32,275,79,98,10980,0,64,751,724,36734,5579,6.58433411,0.151875647,42313
419.9,6325.4,7.21,21802,65243,1.31,34,273,95,63,18174,0,8,655,915,36253,5731,6.325772117,0.158083469,41984
420,6328.3,7.19,22200,69573,1.32,21,301,58,13,23273,0,0,393,778,36190,5579,6.486825596,0.154158607,41769
420.1,6331,7.19,22868,76040,1.51,0,264,66,31,28937,53,231,674,815,36113,5869,6.153177713,0.162517653,41982
420.2,6333.5,7.2,22953,77659,1.51,31,308,76,43,31185,35,149,477,786,35448,5637,6.288451304,0.159021666,41085
420.3,6336.3,7.22,22852,79186,1.6,21,262,59,57,34336,0,58,416,670,34004,5804,5.858718125,0.170685802,39808
420.4,6338.8,7.22,22589,79303,1.49,11,245,76,41,35398,41,158,433,656,33689,5539,6.082144791,0.164415685,39228
420.5,6341.9,7.23,22372,78074,1.53,18,255,84,64,34669,0,157,406,616,33259,5384,6.177377415,0.161880995,38643
420.6,6344.5,7.24,21945,74176,1.38,29,225,62,34,30560,71,28,342,728,33341,5781,5.76734129,0.17339012,39122
420.7,6347.1,7.25,22525,74697,1.61,25,286,52,25,30178,23,0,318,873,33981,5591,6.077803613,0.164533121,39572
420.8,6349.9,7.25,22060,69764,1.43,29,284,99,85,24888,44,40,479,748,34226,5601,6.110694519,0.163647519,39827
420.9,6353.2,7.25,21608,66957,1.55,23,260,72,41,21972,0,35,387,656,34632,5499,6.29787234,0.158783784,40131
421,6356,7.25,21692,67642,1.33,15,216,66,60,23354,0,95,403,901,34201,5620,6.085587189,0.164322681,39821
421.1,6358.7,7.25,21793,69263,1.81,11,272,77,14,25610,46,143,517,803,33260,5494,6.053876957,0.165183403,38754
421.2,6361.2,7.25,21316,65886,1.3,6,210,63,28,22528,25,0,403,771,33595,5367,6.259549096,0.159755916,38962
421.3,6364.2,7.26,21017,62236,1.32,0,183,58,34,18628,0,0,479,825,33624,5619,5.983982915,0.167112777,39243
421.4,6366.7,7.26,21276,63832,1.3,19,242,58,44,19563,0,0,414,688,34423,5614,6.131635198,0.163088633,40037
421.5,6369.7,7.26,21309,64231,1.32,15,223,24,42,20886,0,47,322,671,33936,5666,5.989410519,0.166961339,39602
421.6,6372.7,7.25,21424,65303,1.39,12,240,72,41,21227,0,0,339,691,34353,5447,6.306774371,0.15855966,39800
421.7,6375.4,7.25,21816,66914,1.38,23,246,42,46,22317,0,0,353,602,34713,5540,6.265884477,0.159594388,40253
421.8,6378.4,7.25,21821,67906,1.35,0,305,63,55,23836,41,52,443,780,33887,5523,6.135614702,0.162982855,39410
421.9,6381.4,7.25,20368,61190,1.39,0,267,98,26,18417,0,0,263,666,33189,5432,6.109904271,0.163668685,38621
422,6384.3,7.24,21074,62574,1.38,16,275,118,34,18023,0,188,398,736,34354,5697,6.030191329,0.165832218,40051
422.1,6387.4,7.2,21307,63596,1.36,34,302,91,44,19104,0,81,580,613,34259,5638,6.076445548,0.164569894,39897
422.2,6390.6,7.18,21316,63780,1.28,41,360,132,47,19567,0,206,668,620,33622,5601,6.002856633,0.166587354,39223
422.3,6393.7,7.19,21425,65282,1.33,40,338,147,95,21369,0,0,493,724,33325,5590,5.961538462,0.167741935,38915
422.4,6396.4,7.19,21948,66665,1.39,35,300,148,52,21756,0,134,493,677,34212,5439,6.290126862,0.158979306,39651
422.5,6399.3,7.2,21993,66276,1.44,32,292,156,32,20553,34,6,429,801,35075,5564,6.303918045,0.158631504,40639
422.6,6402.1,7.2,21568,63715,1.51,20,287,74,29,19235,0,15,269,778,34405,5545,6.204688909,0.161168435,39950
422.7,6405.1,7.19,21418,62158,1.33,0,252,54,42,18595,0,106,338,651,33848,5450,6.210642202,0.161013945,39298
422.8,6408.3,7.18,21008,60644,1.39,21,279,62,76,17586,0,0,259,475,33663,5373,6.265214964,0.159611443,39036
422.9,6411.5,7.17,20862,61172,1.31,9,259,67,69,18498,0,0,343,785,32909,5520,5.961775362,0.16773527,38429
423,6414.8,7.15,21132,62446,1.25,0,253,47,32,18970,51,25,212,738,33857,5527,6.125746336,0.163245415,39384
423.1,6417.5,7.13,21716,67748,1.38,15,284,100,63,24509,33,0,325,677,33731,5341,6.315483992,0.158340992,39072
423.2,6420.6,7.13,21874,70084,1.62,24,308,89,17,26006,58,38,404,659,33760,5699,5.923846289,0.168809242,39459
423.3,6423.3,7.13,21932,67682,1.37,26,258,84,16,24356,66,0,291,585,33583,5525,6.078371041,0.164517762,39108
423.4,6425.8,7.13,21878,67149,1.44,30,320,47,48,23079,6,0,441,619,34213,5468,6.256949525,0.15982229,39681
423.5,6428.7,7.13,21317,63786,1.25,16,265,55,42,20553,34,0,398,752,33546,5526,6.070575461,0.164729029,39072
423.6,6431.3,7.13,21491,64543,1.56,16,331,61,44,21662,16,0,393,564,33309,5620,5.926868327,0.168723168,38929
423.7,6433.9,7.12,21353,66101,1.36,13,282,74,61,22226,0,49,436,744,33923,5527,6.137687715,0.162927807,39450
423.8,6436.5,7.12,20809,61374,1.28,0,186,31,20,18418,0,54,214,689,33773,5518,6.120514679,0.163384952,39291
423.9,6439,7.11,21423,63079,1.31,0,168,58,28,18772,0,0,239,666,34912,5585,6.251029543,0.159973648,40497
424,6441.7,7.12,22173,66951,1.47,30,240,89,19,21570,0,0,355,720,35343,5641,6.265378479,0.159607277,40984
424.1,6444.3,7.13,22078,65944,1.47,19,306,68,64,20881,0,107,395,687,34967,5719,6.114180801,0.163554208,40686
424.2,6447.1,7.15,21236,64157,1.44,23,271,32,72,20698,0,0,278,706,33593,5541,6.062624075,0.164945078,39134
424.3,6450,7.15,20677,64753,1.41,28,212,56,68,23006,0,31,232,549,32468,5701,5.695141203,0.175588272,38169
424.4,6453.2,7.15,21050,65909,1.38,0,198,59,26,24443,0,0,54,587,32499,5475,5.935890411,0.168466722,37974
424.5,6456.1,7.16,21527,67844,1.26,24,226,62,32,24718,0,0,335,819,33309,5544,6.008116883,0.166441502,38853
424.6,6458.8,7.15,22016,71511,1.49,0,247,50,65,28793,0,0,445,499,33450,5333,6.272267017,0.159431988,38783
424.7,6461.8,7.14,21762,68395,1.49,8,234,54,63,24828,0,174,308,741,34148,5362,6.368519209,0.157022373,39510
424.8,6464.4,7.14,21608,65925,1.41,0,198,65,43,22806,0,19,360,526,33482,5640,5.936524823,0.168448719,39122
424.9,6467.3,7.14,21417,66033,1.32,29,209,51,28,22733,76,85,321,738,33621,5472,6.144188596,0.162755421,39093
425,6469.7,7.14,21337,67003,1.44,0,218,57,48,24205,0,138,339,834,33102,5686,5.821667253,0.171772098,38788
425.1,6472.6,7.14,21281,65610,1.33,25,208,68,46,22693,0,150,251,718,33064,5192,6.36825886,0.157028793,38256
425.2,6475.2,7.14,21596,68000,1.38,18,269,71,35,25232,0,82,386,688,33248,5286,6.289822172,0.158987007,38534
425.3,6478,7.15,21661,66386,1.38,31,266,64,18,22704,0,147,280,763,34001,5380,6.319888476,0.15823064,39381
425.4,6481.1,7.16,22265,66024,1.53,24,239,96,34,21044,0,0,310,667,34950,5672,6.161847673,0.162288984,40622
425.5,6483.5,7.17,22300,63781,1.32,31,271,70,69,17900,0,12,297,711,36245,5660,6.403710247,0.15615947,41905
425.6,6485.6,7.17,22531,63779,1.39,22,279,90,68,16476,0,0,292,837,36885,5928,6.222165992,0.160715738,42813
425.7,6488.1,7.18,22401,62216,1.29,16,226,41,35,14027,0,0,344,753,37543,5891,6.372941776,0.156913406,43434
425.8,6491.2,7.17,22824,61807,1.43,12,271,56,65,13495,16,0,232,857,37968,5915,6.418934911,0.155789086,43883
425.9,6493.8,7.18,22246,60929,1.34,12,288,35,25,13121,0,63,283,776,37400,5902,6.336834971,0.157807487,43302
426,6496.5,7.17,21776,57824,1.4,0,210,55,0,11164,0,86,285,752,36866,5433,6.785569667,0.147371562,42299
426.1,6499.1,7.18,21588,60235,1.57,23,230,69,45,13482,0,48,367,868,36306,5721,6.34609334,0.15757726,42027
426.2,6502,7.17,21628,59107,1.26,6,208,59,25,12184,6,0,265,646,37059,5735,6.46190061,0.154753231,42794
426.3,6504.9,7.16,22057,58746,1.36,28,211,40,75,10725,0,0,331,683,37883,5954,6.362613369,0.157168123,43837
426.4,6507.3,7.15,21862,56772,1.34,7,216,77,38,9964,10,49,335,633,36955,5564,6.641804457,0.150561494,42519
426.5,6510.2,7.15,21860,58559,1.36,7,276,105,47,10960,0,0,385,786,37174,6230,5.966934189,0.167590251,43404
426.6,6512.9,7.16,22749,62047,1.25,26,236,40,31,12742,0,5,365,633,38676,6159,6.279590843,0.159246044,44835
426.7,6515.4,7.16,23116,66065,1.44,12,243,81,71,15334,9,0,378,830,39545,6480,6.102623457,0.163863952,46025
426.8,6518.2,7.17,23048,64829,1.43,21,270,87,62,15028,0,117,314,819,38851,6014,6.460093116,0.15479653,44865
426.9,6520.8,7.17,22578,62014,1.3,17,306,102,61,11751,72,183,431,878,38525,6195,6.218724778,0.160804672,44720
427,6523.5,7.17,22745,62979,1.33,27,311,53,56,13713,0,104,509,805,38200,5883,6.493285739,0.154005236,44083
427.1,6526.5,7.17,21881,61043,1.31,24,247,37,31,13104,45,0,559,718,37195,5727,6.49467435,0.153972308,42922
427.2,6529.1,7.17,21728,60091,1.32,37,234,33,42,12390,22,0,512,794,37189,5865,6.340835465,0.157707924,43054
427.3,6532.3,7.17,22248,59340,1.28,25,184,39,31,11203,10,115,524,714,37752,5746,6.570135747,0.152203857,43498
427.4,6535.1,7.17,22548,60078,1.28,34,292,82,66,10443,5,127,417,766,38223,6216,6.149131274,0.162624598,44439
427.5,6538.2,7.17,22447,58248,1.28,26,292,103,64,8715,0,139,500,574,38004,5901,6.440264362,0.155273129,43905
427.6,6540.8,7.18,22192,62718,1.38,24,293,53,47,15069,0,176,449,670,36819,5620,6.551423488,0.152638583,42439
427.7,6543.2,7.17,21868,64519,1.37,39,300,52,70,19162,57,127,416,949,34869,5494,6.3467419,0.157561157,40363
427.8,6546.2,7.18,21618,61405,1.32,45,234,91,41,15761,0,11,545,729,35273,5572,6.33040201,0.157967851,40845
427.9,6549.2,7.18,21504,58030,1.33,46,286,82,67,11518,0,32,435,720,36100,5622,6.421202419,0.155734072,41722
428,6551.8,7.18,21747,59031,1.38,35,277,90,20,12860,8,85,291,626,35779,5776,6.194425208,0.161435479,41555
428.1,6554.6,7.18,21924,59126,1.4,34,307,80,32,11935,0,0,242,604,36551,5892,6.203496266,0.16119942,42443
428.2,6557.7,7.19,22424,61908,1.35,19,228,65,47,12534,11,104,504,695,37970,6004,6.324117255,0.158124835,43974
428.3,6560.4,7.19,23275,65402,1.42,32,272,52,31,16076,0,0,306,810,38444,5813,6.613452606,0.15120695,44257
428.4,6563.3,7.2,23101,64333,1.44,42,273,81,72,14237,86,0,389,935,38353,5961,6.433987586,0.155424608,44314
428.5,6566.5,7.21,23078,64934,1.31,34,337,60,40,14932,38,92,573,717,38519,6072,6.343708827,0.157636491,44591
428.6,6569.5,7.23,22764,63001,1.43,86,334,133,39,13801,101,93,519,873,37740,5748,6.565762004,0.152305246,43488
428.7,6572.3,7.23,22650,62096,1.46,48,346,59,60,12082,46,27,562,717,38580,5817,6.632284683,0.150777605,44397
428.8,6575.4,7.23,22899,64981,1.42,49,309,89,52,15776,58,38,375,802,37849,5990,6.31869783,0.158260456,43839
428.9,6578.6,7.23,23234,66915,1.44,27,349,76,44,17154,8,46,430,692,38030,6179,6.154717592,0.162476992,44209
429,6581.6,7.23,22598,59920,1.33,32,317,140,48,9480,0,0,499,940,38660,6172,6.263771873,0.159648215,44832
429.1,6584.9,7.23,22847,62672,1.19,50,297,103,54,12269,11,239,430,801,38464,5960,6.453691275,0.154950083,44424
429.2,6587.7,7.22,22457,63007,1.38,44,348,85,20,13918,0,216,535,805,37698,6173,6.10691722,0.16374874,43871
429.3,6590.7,7.22,22657,65447,1.27,14,278,95,55,16358,74,116,388,654,37807,6026,6.273979423,0.159388473,43833
429.4,6593.5,7.23,23600,68228,1.26,52,344,81,31,18628,66,57,493,746,38121,6196,6.152517753,0.162535086,44317
429.5,6596.2,7.21,23315,65958,1.44,56,375,104,22,16850,165,0,488,782,37872,5664,6.686440678,0.149556401,43536
429.6,6598.9,7.21,21464,58593,1.28,42,266,112,15,10932,68,45,404,851,36777,5842,6.295275591,0.158849281,42619
429.7,6601.6,7.21,21372,60523,1.26,51,246,126,38,13777,0,0,358,815,35932,5939,6.050176797,0.165284426,41871
429.8,6604.3,7.2,22064,62599,1.32,75,283,102,35,15317,40,0,339,614,36402,5710,6.375131349,0.156859513,42112
429.9,6607.6,7.19,22301,62205,1.44,35,282,126,106,14802,12,0,324,726,36483,5812,6.277185134,0.159307075,42295
430,6610.5,7.2,22164,61836,1.46,28,278,110,72,13623,0,84,366,848,36978,6066,6.095944609,0.164043485,43044
430.1,6613.3,7.21,22842,64457,1.45,36,239,78,57,15412,0,47,404,897,37665,6293,5.985221675,0.167078189,43958
430.2,6616.2,7.21,23135,64645,1.26,34,272,117,54,14651,22,83,370,637,38428,6160,6.238311688,0.160299781,44588
430.3,6619.2,7.22,23555,66186,1.36,34,308,66,38,16675,98,74,493,833,37928,6007,6.313967038,0.158379034,43935
430.4,6621.8,7.22,22991,63691,1.53,37,381,139,93,14002,106,81,439,909,37680,5989,6.29153448,0.158943737,43669
430.5,6624.8,7.22,22925,63180,1.47,52,314,74,30,13360,38,94,380,730,38259,5832,6.560185185,0.152434721,44091
430.6,6627.8,7.22,23209,65058,1.23,35,316,59,81,14722,0,13,359,694,38968,6206,6.279084757,0.159258879,45174
430.7,6630.7,7.23,23283,62667,1.32,37,286,136,44,11040,0,37,388,893,39598,6196,6.390897353,0.156472549,45794
430.8,6633.8,7.24,23610,64511,1.4,46,347,114,60,12665,0,133,515,646,39528,6407,6.169502107,0.162087634,45935
430.9,6636.4,7.22,23024,61330,1.39,29,297,94,28,10857,48,0,422,1005,38985,5860,6.652730375,0.150314223,44845
431,6639.2,7.22,23466,65200,1.25,78,343,93,54,14505,0,0,280,754,39020,5981,6.523992643,0.153280369,45001
431.1,6642.1,7.2,23788,66625,1.33,8,272,106,26,15916,0,82,450,732,39345,5873,6.69930189,0.149269285,45218
431.2,6645.1,7.21,23223,63610,1.51,12,252,69,48,13534,0,0,399,785,38458,5925,6.490801688,0.154064174,44383
431.3,6647.7,7.22,23520,68425,1.32,19,267,84,34,17544,0,63,414,872,38925,6397,6.084883539,0.164341683,45322
431.4,6650.5,7.23,23708,68076,1.4,54,282,100,50,18489,0,130,318,727,38471,5960,6.454865772,0.154921889,44431
431.5,6653.3,7.24,23266,64711,1.35,57,330,137,47,14994,0,15,310,803,38471,5885,6.537128292,0.152972369,44356
431.6,6655.9,7.25,23001,63587,1.33,70,321,159,54,14481,44,0,183,721,38052,5847,6.507952796,0.153658152,43899
431.7,6658.9,7.26,22669,61393,1.29,46,298,131,68,12454,0,0,492,571,37369,5811,6.430734813,0.155503225,43180
431.8,6662,7.27,22596,63116,1.43,33,292,134,60,14460,71,134,416,735,37088,5842,6.348510784,0.157517256,42930
431.9,6664.4,7.25,22561,64590,1.25,69,278,138,10,16514,39,88,334,890,36356,5870,6.193526405,0.161458906,42226
432,6667.4,7.25,22407,64117,1.2,36,319,127,52,16290,0,158,384,821,36074,5746,6.278106509,0.159283695,41820
432.1,6670.4,7.24,22653,66413,1.35,67,341,182,23,18399,0,135,399,670,36417,5798,6.280958951,0.159211357,42215
432.2,6673.3,7.24,22062,61263,1.37,67,302,107,90,13036,34,127,421,946,36429,6010,6.061397671,0.164978451,42439
432.3,6676.5,7.25,21775,60564,1.42,30,297,149,65,12844,84,101,429,729,36109,5720,6.312762238,0.158409261,41829
432.4,6679.6,7.25,21601,61545,1.46,44,291,117,64,15053,21,105,373,670,35481,5750,6.170608696,0.162058567,41231
432.5,6682.6,7.24,21904,61691,1.4,39,273,84,56,13628,0,140,444,799,36605,5853,6.254057748,0.159896189,42458
432.6,6685.7,7.24,22149,61643,1.39,28,290,118,30,13488,0,0,282,712,36979,6037,6.125393407,0.16325482,43016
432.7,6688.9,7.25,22588,64683,1.38,30,297,116,43,13876,45,89,435,881,38635,6096,6.337762467,0.157784392,44731
432.8,6691.7,7.26,23075,64566,1.28,37,268,132,42,14050,66,215,369,701,38864,6114,6.356558718,0.157317826,44978
432.9,6694.3,7.26,23352,62875,1.2,47,279,145,59,10957,0,88,499,781,39770,6358,6.25511167,0.159869248,46128
433,6697.2,7.27,23669,67073,1.23,49,303,116,66,14201,11,61,501,746,40176,6176,6.505181347,0.153723616,46352
433.1,6700.4,7.29,23943,68125,1.41,38,335,133,48,15442,10,228,612,784,39985,6210,6.438808374,0.155308241,46195
433.2,6703.5,7.3,24579,72799,1.36,59,367,145,73,21282,0,114,324,788,39587,6040,6.554139073,0.15257534,45627
433.3,6706.2,7.32,24205,71424,1.31,40,404,132,62,20463,0,0,536,848,39061,6164,6.336956522,0.15780446,45225
433.4,6709.1,7.33,23439,66467,1.43,73,407,180,78,15205,0,134,479,837,39118,6014,6.504489524,0.153739966,45132
433.5,6712.3,7.32,23143,66085,1.36,54,338,116,46,16605,126,0,458,840,37752,6030,6.260696517,0.159726637,43782
433.6,6715.1,7.31,23499,69214,1.41,66,332,183,55,18522,70,0,455,809,38278,6249,6.125460074,0.163253044,44527
433.7,6717.8,7.29,23799,74035,1.46,73,362,153,71,23766,38,0,328,692,37824,6268,6.034460753,0.16571489,44092
433.8,6720.8,7.29,23250,70795,1.43,60,331,155,19,21298,13,67,533,840,37180,6095,6.100082034,0.163932222,43275
433.9,6723.9,7.3,23347,69120,1.36,58,343,148,71,19549,54,95,622,775,37244,6043,6.163163991,0.162254323,43287
434,6727.2,7.31,23176,71253,1.51,61,370,161,62,21782,10,68,529,949,36333,6247,5.816071714,0.171937357,42580
434.1,6730.3,7.31,23162,73152,1.35,41,391,196,59,25528,151,79,484,726,35682,5844,6.105749487,0.163780057,41526
434.2,6733.5,7.32,23705,77206,1.49,68,371,236,91,29716,135,67,660,613,35268,5985,5.89273183,0.169700578,41253
434.3,6736.7,7.32,23480,75382,1.49,82,397,233,33,26859,160,139,509,653,35875,5951,6.028398588,0.165881533,41826
434.4,6739.5,7.32,23379,78862,1.51,40,387,217,62,31208,114,27,547,751,35676,5677,6.284305091,0.159126584,41353
434.5,6742.4,7.32,23182,74632,1.29,96,341,212,63,25381,132,155,590,798,36977,5910,6.256683587,0.159829083,42887
434.6,6745.3,7.3,23966,74936,1.39,70,401,213,34,24047,53,0,613,1037,38355,6009,6.382925612,0.15666797,44364
434.7,6748.4,7.3,24186,78356,1.48,60,359,222,82,29045,37,34,493,830,37725,5839,6.460866587,0.154777999,43564
434.8,6751.8,7.3,23446,70129,1.3,39,347,144,54,18504,80,228,592,910,38947,6079,6.406810331,0.156083909,45026
434.9,6754.9,7.31,23317,69733,1.39,32,338,187,44,19992,64,48,445,833,38072,5961,6.386847844,0.156571759,44033
435,6757.8,7.31,22612,64554,1.49,41,330,166,67,14805,0,188,537,866,37647,5810,6.479690189,0.154328366,43457
435.1,6760.8,7.3,22794,63848,1.45,47,326,182,48,13863,5,73,612,869,38060,5782,6.582497406,0.151918024,43842
435.2,6763.3,7.3,23463,67338,1.31,50,323,179,78,14931,0,169,655,815,39356,6346,6.201701859,0.161246062,45702
435.3,6766.2,7.29,23734,67057,1.39,24,329,133,36,14215,20,40,667,874,39799,6345,6.27249803,0.159426116,46144
435.4,6769,7.3,23466,64104,1.31,46,373,177,73,11616,33,145,634,822,39469,6163,6.404186273,0.156147863,45632
435.5,6772.3,7.29,22831,60679,1.45,35,388,146,63,10455,0,0,488,913,38264,5840,6.552054795,0.152623876,44104
435.6,6775.5,7.29,22002,59943,1.52,28,336,133,41,9863,0,57,714,765,37300,6014,6.202194879,0.161233244,43314
435.7,6778,7.29,22561,61458,1.24,42,349,114,43,12216,57,0,325,872,37691,6108,6.170759659,0.162054602,43799
435.8,6780.6,7.28,23194,66338,1.26,60,345,145,68,17193,0,123,396,735,37348,5801,6.43820031,0.155322909,43149
435.9,6783.2,7.28,23111,64191,1.33,53,321,129,39,13904,0,94,544,890,38208,6129,6.233969652,0.160411432,44337
436,6786.3,7.28,23049,64550,1.3,42,379,167,33,13385,27,95,535,905,38780,6173,6.282196663,0.15917999,44953
436.1,6789.5,7.29,23986,70247,1.3,31,373,127,58,18932,66,0,368,705,38998,6435,6.06029526,0.165008462,45433
436.2,6792.8,7.29,24156,70186,1.38,60,406,143,44,18804,0,147,420,769,39553,6201,6.378487341,0.156776983,45754
436.3,6795.1,7.29,23941,68071,1.34,53,415,128,86,15290,31,19,556,1068,39878,6228,6.403018626,0.156176338,46106
436.4,6798.1,7.3,23354,65631,1.48,31,351,123,15,15396,20,113,543,826,38732,5913,6.55031287,0.152664463,44645
436.5,6801.4,7.31,22163,61480,1.31,16,359,59,66,13008,40,0,419,941,37115,6120,6.064542484,0.1648929,43235
436.6,6804.5,7.31,22169,62920,1.27,49,356,115,67,15178,6,175,567,711,36196,5923,6.111092352,0.163636866,42119
436.7,6807.2,7.31,21990,64240,1.3,29,297,111,28,17327,58,85,474,886,35718,5566,6.41717571,0.155831793,41284
436.8,6810.1,7.31,21797,64589,1.3,26,246,123,50,18463,33,177,281,820,35280,5671,6.221125022,0.16074263,40951
436.9,6813.1,7.31,22011,66819,1.43,43,316,111,18,19433,56,75,310,828,35964,5897,6.098694251,0.163969525,41861
437,6816.3,7.3,22871,73187,1.49,21,327,105,31,26236,0,0,282,865,36128,5963,6.058695288,0.165052037,42091
437.1,6819.7,7.29,22567,72270,1.68,8,297,106,75,25357,0,138,447,771,35581,5780,6.155882353,0.162446249,41361
437.2,6822.7,7.3,23032,70334,1.51,18,276,80,54,22086,23,72,499,787,36903,5907,6.247333672,0.160068287,42810
437.3,6825.6,7.3,22942,67090,1.32,42,265,85,48,18563,0,11,405,749,37564,5824,6.449862637,0.155042062,43388
437.4,6828.3,7.31,22838,64568,1.35,35,365,104,55,15313,5,0,470,992,37818,5782,6.540643376,0.152890158,43600
437.5,6831.5,7.32,22564,60892,1.43,42,325,117,72,11843,0,0,507,729,37758,5848,6.456566347,0.154881085,43606
437.6,6834.5,7.32,22298,58670,1.39,37,330,121,40,10158,40,76,528,711,37132,5586,6.647332617,0.150436281,42718
437.7,6837.2,7.33,21757,57910,1.33,37,252,102,50,9464,35,0,404,814,36810,5883,6.257011729,0.159820701,42693
437.8,6840.2,7.34,22032,60422,1.32,40,350,123,59,12750,0,32,431,682,36383,5944,6.120962315,0.163373004,42327
437.9,6843.1,7.33,22011,58441,1.35,44,346,130,56,10564,0,10,435,796,36565,5816,6.286966988,0.15905921,42381
438,6846.1,7.33,21668,57638,1.39,47,412,98,64,9991,0,0,439,787,36247,5795,6.254874892,0.1598753,42042
438.1,6849.2,7.34,21285,56501,1.33,69,319,158,48,10117,0,32,426,904,35610,5467,6.513627218,0.153524291,41077
438.2,6852,7.33,21490,57847,1.37,48,375,158,97,12765,0,79,235,650,35046,5346,6.555555556,0.152542373,40392
438.3,6854.3,7.33,21517,59787,1.41,26,345,91,62,13728,42,0,535,592,35192,5526,6.368440101,0.157024324,40718
438.4,6857.3,7.33,21375,59978,1.35,23,283,65,5,15127,33,0,262,511,34614,5680,6.094014085,0.164095453,40294
438.5,6860.3,7.33,21618,61942,1.42,18,326,162,61,17193,0,0,399,524,34303,5284,6.491862226,0.154039005,39587
438.6,6863.6,7.34,21500,62754,1.35,23,265,109,66,18008,75,88,416,824,33934,5409,6.273618044,0.159397654,39343
438.7,6866.6,7.35,21646,62651,1.42,32,325,58,44,17688,0,0,222,652,34616,5540,6.248375451,0.160041599,40156
438.8,6869.6,7.36,21405,62011,1.34,29,356,114,47,17403,0,31,422,636,33981,5470,6.212248629,0.160972308,39451
438.9,6872.8,7.36,22105,68064,1.47,27,292,97,20,23508,0,0,442,670,34221,5413,6.322002586,0.158177727,39634
439,6875.4,7.36,22124,68207,1.31,23,337,76,44,23224,0,59,381,723,34073,5489,6.207505921,0.161095295,39562
439.1,6878.6,7.36,21479,61272,1.47,16,294,130,30,15877,14,0,450,596,34574,5615,6.157435441,0.162405276,40189
439.2,6881.5,7.36,21859,61063,1.4,31,325,68,41,13636,0,100,568,807,36098,5664,6.373234463,0.1569062,41762
439.3,6884.2,7.34,22349,61917,1.33,38,318,134,45,14315,0,22,484,435,36592,5701,6.418523066,0.155799082,42293
439.4,6887.4,7.33,22362,63029,1.61,35,352,124,71,15443,0,0,369,661,36341,5772,6.296084546,0.158828871,42113
439.5,6890,7.33,22047,60949,1.51,49,355,99,56,13117,0,50,360,683,36620,5874,6.234252639,0.160404151,42494
439.6,6893,7.33,22286,63655,1.15,10,304,50,82,15241,33,73,352,661,36669,6069,6.042016807,0.16550765,42738
439.7,6896,7.33,22062,65998,1.41,18,330,78,53,18815,0,138,370,723,35554,5804,6.125775327,0.163244642,41358
439.8,6899.2,7.34,22053,69030,1.53,21,295,77,42,23093,0,47,461,669,34680,5559,6.23853211,0.160294118,40239
439.9,6902.8,7.33,22465,69373,1.56,8,243,75,25,22871,84,53,316,627,35309,5938,5.946278208,0.168172421,41247
440,6905.4,7.34,22070,65389,1.31,16,281,77,70,20526,0,69,258,623,34674,5436,6.378587196,0.156774528,40110
440.1,6908.1,7.34,21799,65065,1.3,21,263,57,52,20083,6,73,219,718,34921,5481,6.371282613,0.156954268,40402
440.2,6911,7.34,21872,65882,1.39,8,260,54,38,19556,131,89,491,578,35866,5652,6.34571833,0.157586572,41518
440.3,6913.6,7.34,22397,67139,1.49,11,281,84,48,21209,147,0,326,740,35407,5831,6.072200309,0.164684949,41238
440.4,6916.1,7.33,22307,65407,1.27,24,298,84,40,19326,88,136,297,690,35745,5751,6.215440793,0.160889635,41496
440.5,6919,7.32,22303,67737,1.44,33,299,58,35,21989,45,78,356,733,35249,5501,6.407744047,0.156061165,40750
440.6,6922.1,7.32,22509,69056,1.34,20,280,104,20,23144,58,0,333,693,35725,5733,6.231466946,0.160475857,41458
440.7,6924.9,7.31,22079,68638,1.41,17,263,83,52,24097,90,83,279,643,34731,5675,6.12,0.163398693,40406
440.8,6927.8,7.31,22123,68265,1.55,0,328,95,41,24146,108,65,426,655,34099,5298,6.436202341,0.155371125,39397
440.9,6930.4,7.31,21752,66701,1.63,12,353,67,39,23778,32,26,316,665,33006,5411,6.09979671,0.16393989,38417
441,6933.4,7.3,21352,65187,1.51,22,303,102,82,21713,0,0,507,745,33213,5440,6.105330882,0.163791287,38653
441.1,6935.8,7.3,21606,68392,1.48,8,251,54,70,26176,4,44,535,677,32378,5161,6.273590389,0.159398357,37539
441.2,6938.8,7.3,21612,67436,1.52,8,294,119,71,25013,0,7,389,612,32728,5402,6.058496853,0.165057443,38130
441.3,6941.9,7.31,21729,65096,1.45,14,276,79,98,20941,0,108,487,616,33685,5456,6.17393695,0.161971204,39141
441.4,6944.5,7.31,22293,67635,1.36,9,255,67,27,21408,0,101,570,837,35089,5847,6.001197195,0.166633418,40936
441.5,6946.8,7.32,22581,68084,1.48,0,314,69,29,22289,0,0,381,571,35540,5687,6.249340601,0.160016882,41227
441.6,6949.4,7.32,22553,67745,1.33,14,291,75,44,22085,0,0,615,704,35044,5697,6.151307706,0.162567059,40741
441.7,6952.1,7.32,22820,67957,1.41,19,311,61,56,22141,59,0,483,516,34946,5777,6.049160464,0.165312196,40723
441.8,6954.5,7.31,22345,66037,1.24,15,358,75,67,20779,99,70,763,496,34371,5581,6.158573732,0.162375258,39952
441.9,6957.4,7.31,22114,69841,1.37,18,368,61,47,27147,62,0,572,690,32338,5356,6.037714712,0.16562558,37694
442,6961,7.3,22167,69397,1.36,11,369,48,62,24262,0,114,780,586,34069,5598,6.085923544,0.164313599,39667
442.1,6964,7.3,21876,64273,1.38,0,386,67,41,19361,0,0,694,580,34008,5416,6.279172821,0.159256645,39424
442.2,6966.5,7.28,21984,68186,1.42,17,410,54,56,24165,0,12,702,543,33150,5284,6.273656321,0.159396682,38434
442.3,6969.1,7.27,22104,69162,1.43,9,332,71,46,24507,0,37,784,648,33562,5457,6.150265714,0.162594601,39019
442.4,6972,7.26,22107,67397,1.36,19,348,114,14,22702,0,0,631,586,34086,5406,6.305216426,0.158598838,39492
442.5,6975.2,7.26,22417,70535,1.27,24,309,62,36,24298,73,0,837,722,34915,5568,6.270653736,0.159473006,40483
442.6,6978,7.26,23174,73473,1.34,33,385,101,18,26678,0,6,547,879,35274,5679,6.211304807,0.160996768,40953
442.7,6980.8,7.27,22746,68423,1.35,35,362,106,68,21883,32,0,498,727,35279,5592,6.308834049,0.158507894,40871
442.8,6983.3,7.28,22073,65050,1.34,60,354,137,37,17783,138,68,623,836,35516,5797,6.126617216,0.16322221,41313
442.9,6986,7.28,21889,65162,1.28,21,352,129,60,18699,61,38,732,751,34834,5453,6.388043279,0.156542459,40287
443,6988.7,7.28,21928,61597,1.32,45,418,167,62,15444,0,0,476,604,34995,5694,6.145943098,0.162708958,40689
443.1,6991.5,7.27,21473,60653,1.35,46,390,201,74,14204,105,87,371,768,35101,5553,6.3210877,0.158200621,40654
443.2,6994.3,7.25,21673,63920,1.33,26,401,140,70,16797,69,48,690,623,35111,5651,6.213236595,0.160946712,40762
443.3,6997.1,7.23,21840,63491,1.49,59,428,112,36,18276,27,7,518,557,33887,5579,6.074027604,0.164635406,39466
443.4,6999.5,7.22,21859,66311,1.28,41,423,146,79,21429,82,0,610,670,33615,5574,6.030678149,0.165818831,39189
443.5,7002.1,7.23,21998,66505,1.29,35,389,135,79,22069,41,55,775,772,33249,5545,5.996212804,0.166771933,38794
443.6,7004.8,7.22,21462,63517,1.43,38,488,231,46,18366,51,20,1088,725,33071,5644,5.859496811,0.170663119,38715
443.7,7007.6,7.22,21520,63624,1.44,69,434,188,78,19132,37,0,740,589,32998,5468,6.034747623,0.165707013,38466
443.8,7010.9,7.22,21882,67189,1.22,64,527,191,97,23596,88,0,584,766,32590,5214,6.250479478,0.159987726,37804
443.9,7014,7.21,21439,68248,1.36,58,409,155,50,26543,65,84,791,493,30622,5097,6.007847754,0.166448958,35719
444,7016.9,7.19,20513,67495,1.41,44,487,151,46,27595,47,126,703,710,29370,5026,5.843613211,0.171127,34396
444.1,7020.1,7.2,20320,63840,1.34,60,396,175,87,23307,56,96,733,570,29959,5186,5.776899344,0.173103241,35145
444.2,7023.6,7.2,20728,62087,1.57,79,401,157,48,20346,0,72,682,727,31269,5394,5.796996663,0.172503118,36663
444.3,7026.6,7.2,20563,58692,1.38,57,325,140,73,15124,32,121,602,565,32707,5608,5.832203994,0.171461767,38315
444.4,7029.6,7.21,20772,60401,1.5,89,444,143,82,17103,0,160,622,691,31977,5451,5.866263071,0.170466273,37428
444.5,7032.5,7.23,21456,62783,1.36,51,426,137,145,19618,39,149,734,772,31872,5539,5.75410724,0.173788906,37411
444.6,7035.6,7.24,21903,65362,1.35,61,430,149,89,20603,46,59,496,693,33176,5680,5.84084507,0.171208102,38856
444.7,7037.9,7.25,21983,65828,1.53,58,423,174,85,23055,0,0,394,532,32395,5473,5.91905719,0.168945825,37868
444.8,7040.6,7.25,21498,68087,1.4,52,432,140,47,25189,0,67,491,622,32100,5362,5.986572175,0.167040498,37462
444.9,7043.1,7.24,22119,73235,1.6,38,394,135,77,30834,0,143,445,623,31746,5341,5.943830743,0.168241668,37087
445,7046.4,7.22,21874,72324,1.26,70,444,98,65,29873,0,86,447,625,31696,5352,5.922272048,0.168854114,37048
445.1,7049.1,7.21,21530,68658,1.44,49,326,120,30,25558,64,97,364,662,32582,5456,5.971774194,0.167454423,38038
445.2,7051.7,7.22,22250,70896,1.57,52,398,120,54,26483,0,111,398,710,33658,5505,6.114078111,0.163556955,39163
445.3,7054.3,7.22,22042,68550,1.47,45,377,123,64,23168,7,0,299,865,34159,5721,5.970809299,0.167481484,39880
445.4,7057.3,7.23,22523,67069,1.35,35,367,151,62,19529,43,0,361,636,36181,5781,6.258605778,0.159779995,41962
445.5,7060,7.22,23699,70410,1.53,60,368,165,75,20622,0,174,325,661,38120,5832,6.536351166,0.152990556,43952
445.6,7063.1,7.23,24244,71947,1.47,48,336,149,63,20748,0,56,363,684,39462,6196,6.368947708,0.157011809,45658
445.7,7065.9,7.23,24549,74843,1.46,63,340,152,66,21340,69,58,550,1002,40575,6385,6.354737666,0.157362908,46960
445.8,7068.7,7.24,24582,75763,1.32,57,346,139,61,24117,0,0,399,707,39870,6082,6.555409405,0.152545774,45952
445.9,7071.3,7.24,25075,80122,1.53,52,349,173,121,27209,0,113,463,902,40565,6319,6.419528406,0.155774683,46884
446,7074.1,7.24,25456,80055,1.45,47,404,166,58,27290,15,37,355,773,40386,6288,6.422709924,0.155697519,46674
446.1,7076.9,7.24,25186,77543,1.49,67,381,104,91,23129,0,0,421,1013,41366,6428,6.435283136,0.155393318,47794
446.2,7079.9,7.25,24989,75378,1.39,33,409,116,53,21436,36,0,382,900,41239,6462,6.38177035,0.156696331,47701
446.3,7082.7,7.25,24218,68376,1.55,62,343,102,60,14604,0,0,256,846,41362,6349,6.514726729,0.15349838,47711
446.4,7085.1,7.24,24195,66461,1.25,40,280,84,26,12847,0,18,394,729,41886,6327,6.620199147,0.151052858,48213
446.5,7088.4,7.24,25009,73755,1.42,27,351,123,76,18346,0,69,263,990,42289,6676,6.334481726,0.157866112,48965
446.6,7091,7.25,25379,75143,1.45,25,421,124,32,20052,18,146,410,882,42488,6016,7.0625,0.14159292,48504
446.7,7094.4,7.26,25047,72807,1.33,64,388,107,100,17961,0,95,409,1121,42175,6260,6.737220447,0.148429164,48435
446.8,7097.4,7.26,24509,71186,1.39,56,347,104,77,17193,0,81,517,856,41464,6315,6.565954078,0.152300791,47779
446.9,7100.1,7.27,25100,75736,1.36,83,372,255,167,22083,0,0,417,832,41232,6510,6.333640553,0.157887078,47742
447,7103.5,7.26,25273,75176,1.45,84,349,191,124,21348,28,0,499,734,41290,6418,6.43346837,0.155437152,47708
447.1,7106.4,7.26,24571,69282,1.21,45,429,154,72,15029,0,0,473,1119,41590,6341,6.558902381,0.152464535,47931
447.2,7109.5,7.26,24564,67208,1.28,33,337,112,93,12707,36,61,126,909,41810,6639,6.297635186,0.158789763,48449
447.3,7112.4,7.25,24240,66669,1.35,51,364,112,39,12307,0,122,426,862,41970,6149,6.825500081,0.146509411,48119
447.4,7115.7,7.24,24694,71443,1.46,46,376,109,54,16778,0,135,277,991,41954,6649,6.309821026,0.158483101,48603
447.5,7118.4,7.23,24976,73872,1.28,40,338,126,26,18963,87,69,413,973,42160,6547,6.439590652,0.155289374,48707
447.6,7121.1,7.23,25752,76945,1.37,59,363,118,116,20893,85,0,455,754,43318,6631,6.532649676,0.153077243,49949
447.7,7124.4,7.24,25874,77856,1.38,44,386,193,161,22462,0,142,500,751,42456,6420,6.613084112,0.151215376,48876
447.8,7126.8,7.25,25498,75573,1.39,66,379,92,101,20556,0,0,280,852,42876,5988,7.160320641,0.13965855,48864
447.9,7129.6,7.27,25251,73276,1.56,47,359,79,108,18865,6,16,367,984,42158,6097,6.914548138,0.14462261,48255
448,7132.9,7.27,24820,72001,1.33,37,367,95,55,17417,23,79,343,810,42081,6315,6.663657957,0.150067727,48396
448.1,7135.8,7.27,24993,69883,1.27,22,329,121,23,15561,0,14,389,671,42745,6246,6.843579891,0.146122353,48991
448.2,7138.5,7.26,25142,69098,1.4,20,319,71,36,13256,0,198,445,947,43398,6373,6.809665777,0.146850085,49771
448.3,7141.3,7.26,25055,64823,1.31,41,319,83,29,9105,0,0,325,765,43580,6355,6.857592447,0.145823772,49935
448.4,7144.1,7.26,25351,67201,1.44,25,394,91,59,11248,0,95,275,984,43408,6571,6.605996043,0.151377626,49979
448.5,7147.4,7.24,25237,69928,1.36,47,415,117,70,14031,0,133,426,1032,42993,6373,6.746116429,0.148233433,49366
448.6,7150.5,7.23,25105,68775,1.41,42,322,80,31,13659,0,86,343,997,42646,6534,6.526782981,0.153214838,49180
448.7,7153.2,7.22,25505,69796,1.4,25,349,121,71,14625,5,89,197,781,43132,6395,6.744644253,0.148265789,49527
448.8,7156.3,7.21,25613,70917,1.4,28,398,95,111,15941,0,0,322,800,43092,6274,6.868345553,0.14559547,49366
448.9,7158.7,7.21,25056,69786,1.41,33,338,111,44,15483,0,110,394,780,42293,6387,6.621731642,0.151017899,48680
449,7161.6,7.21,24575,67432,1.42,25,369,89,26,13896,0,0,325,1003,42086,6135,6.8599837,0.145772941,48221
449.1,7164.2,7.21,24620,69148,1.38,42,317,77,37,14221,26,56,462,884,42302,6561,6.44749276,0.15509905,48863
449.2,7167.1,7.21,25278,73815,1.35,33,319,65,51,19424,0,15,369,778,42630,6209,6.86583991,0.145648604,48839
449.3,7170,7.22,25326,73523,1.29,18,346,59,38,18546,0,9,269,964,42967,6671,6.440863439,0.155258687,49638
449.4,7172.7,7.22,25312,72214,1.37,41,304,135,48,17991,30,0,318,900,42695,6286,6.792077633,0.147230355,48981
449.5,7175.6,7.22,24923,70558,1.24,14,286,70,58,15832,39,56,219,997,42992,6493,6.62128446,0.151028098,49485
449.6,7178.7,7.23,25528,72801,1.34,16,310,64,85,17933,104,0,409,810,43091,6406,6.726662504,0.148662134,49497
449.7,7181.8,7.22,25773,71635,1.36,19,337,98,33,15768,0,63,396,952,43830,6405,6.843091335,0.146132786,50235
449.8,7184.6,7.22,25667,70994,1.42,18,321,76,45,15002,0,72,245,831,44283,6238,7.098909907,0.140866698,50521
449.9,7187.9,7.22,25371,68676,1.32,13,323,53,55,13492,18,58,280,885,43603,6433,6.778019587,0.14753572,50036
450.1,7193.3,6.96,19161,58163,1.25,19,213,67,20,18082,0,0,314,555,30786,5156,5.97090768,0.167478724,35942
450.2,7196.4,6.94,20030,59981,1.39,28,220,84,18,16987,0,92,355,704,32789,5459,6.006411431,0.166488761,38248
450.3,7199.4,6.92,20821,62132,1.22,26,222,110,55,18574,0,8,553,668,33119,5395,6.138832252,0.16289743,38514
450.4,7202.3,6.92,19768,60211,1.24,36,248,142,69,18430,0,95,456,885,31936,5294,6.032489611,0.165769038,37230
450.5,7205.1,6.95,19514,61172,1.36,34,252,134,48,19572,0,55,429,738,31863,5174,6.158291457,0.162382701,37037
450.6,7207.7,6.96,19231,58267,1.38,30,221,124,34,17283,0,152,494,699,31422,5095,6.167222767,0.16214754,36517
450.7,7210.9,6.96,19229,56864,1.3,27,240,89,0,15381,75,176,478,649,31731,5064,6.265995261,0.159591567,36795
450.8,7214,6.97,19421,57858,1.23,18,214,66,34,16344,0,5,363,650,32188,5230,6.154493308,0.162482913,37418
450.9,7216.8,6.99,19398,59195,1.28,15,213,111,0,17928,0,0,516,637,31449,5261,5.977760882,0.167286718,36710
451,7219.9,7.01,19103,58852,1.38,36,231,126,24,18375,0,115,506,750,30754,5137,5.986762702,0.167035182,35891
451.1,7222.6,7.02,19380,58177,1.37,27,215,107,60,17933,32,53,527,693,30917,4892,6.319910057,0.1582301,35809
451.2,7225.4,7.02,19420,57505,1.16,27,256,97,36,16388,56,155,560,610,31349,5204,6.024019985,0.166002105,36553
451.3,7227.8,7.03,19336,56761,1.35,31,229,127,42,15285,0,139,540,655,31323,5154,6.0774156,0.164543626,36477
451.4,7231.4,7.04,19061,58795,1.35,24,260,50,27,19579,0,130,375,730,29933,4767,6.279211244,0.159255671,34700
451.5,7234.1,7.06,18482,59232,1.42,26,221,122,30,21772,0,148,478,472,28392,4759,5.965959235,0.167617639,33151
451.6,7237,7.07,17760,56514,1.29,13,250,77,25,20864,0,11,451,467,26953,4697,5.738343624,0.174266315,31650
451.7,7240.2,7.08,17324,57992,1.25,30,221,127,23,23346,0,115,515,677,25745,4798,5.365777407,0.186366285,30543
451.8,7243.7,7.08,18066,59909,1.28,38,256,116,40,24255,0,59,554,433,26844,4671,5.746949261,0.174005364,31515
451.9,7246.3,7.09,17741,57265,1.28,34,243,85,24,22115,33,21,280,551,26633,4389,6.068124858,0.164795554,31022
452,7249.5,7.1,18542,65590,1.53,25,257,138,36,30653,0,0,396,554,26419,4720,5.597245763,0.178659298,31139
452.1,7252.9,7.1,19163,67210,1.51,22,238,78,28,30766,0,72,303,550,27556,4864,5.665296053,0.176513282,32420
452.2,7256,7.11,19466,66336,1.51,32,286,132,50,29083,0,82,376,464,28365,4971,5.706095353,0.17525119,33336
452.3,7259.3,7.12,19433,64776,1.37,21,316,99,27,26848,0,0,470,755,28377,4643,6.111781176,0.163618423,33020
452.4,7262,7.13,19433,65268,1.33,48,327,150,57,29105,19,36,539,656,27053,4593,5.890050076,0.169777843,31646
452.5,7265,7.14,18589,61378,1.33,63,369,268,113,26238,54,0,518,530,25865,4776,5.415619765,0.184651073,30641
452.6,7268.1,7.14,18045,62360,1.33,67,343,366,154,28672,72,194,793,451,24282,4486,5.412839947,0.184745902,28768
452.7,7270.8,7.16,17332,58143,1.34,47,301,152,73,26538,0,104,776,404,22920,4176,5.488505747,0.182198953,27096
452.8,7273.7,7.16,16238,56154,1.3,50,308,297,75,26762,0,112,766,475,20769,4035,5.147211896,0.194279936,24804
452.9,7276.8,7.16,16838,61817,1.46,48,332,234,109,32609,0,151,970,601,20293,4217,4.81218876,0.207805647,24510
453,7279.6,7.16,16892,61354,1.46,74,347,193,114,31263,0,128,1021,539,20564,4273,4.81254388,0.207790313,24837
453.1,7283.2,7.16,16451,55790,1.28,61,320,242,108,25641,0,231,1047,616,20390,4537,4.494159136,0.222511035,24927
453.2,7286.4,7.17,15608,54801,1.3,53,347,282,114,26373,55,216,1041,554,19256,4181,4.605596747,0.217127129,23437
453.3,7289.3,7.16,13614,48283,1.24,27,383,369,173,23606,0,110,1279,475,16216,3701,4.381518509,0.228231376,19917
453.4,7292.6,7.14,13808,51199,1.35,36,483,552,280,26446,43,240,1384,514,15279,3874,3.943985545,0.253550625,19153
453.5,7295.3,7.12,15951,58367,1.41,60,526,559,274,30046,0,89,1583,695,17596,4475,3.932067039,0.254319163,22071
453.6,7297.8,7.12,17034,63223,1.41,69,531,640,269,32995,0,191,1639,671,19196,4725,4.062645503,0.24614503,23921
453.7,7300.8,7.14,16579,60454,1.33,127,717,583,260,29573,55,120,1745,644,19514,4299,4.539195162,0.220303372,23813
453.8,7303.7,7.15,16035,61555,1.3,185,707,561,403,32388,27,237,1870,581,18087,4105,4.406090134,0.226958589,22192
453.9,7306.9,7.13,14199,57204,1.22,130,725,706,438,31734,15,169,1729,514,15667,3820,4.101308901,0.243824599,19487
454,7309.7,7.11,14414,60903,1.34,126,801,890,476,36078,110,133,2015,477,14377,3777,3.806460154,0.262711275,18154
454.1,7312.2,7.12,14271,55516,1.5,121,713,642,346,29763,22,253,1690,441,15672,3862,4.058001036,0.246426748,19534
454.2,7315.3,7.13,14743,51519,1.36,66,358,298,232,23969,38,261,1681,576,17611,4290,4.105128205,0.243597751,21901
454.3,7318.4,7.15,16211,56441,1.28,26,359,271,156,26192,39,138,1605,485,20087,4630,4.338444924,0.230497337,24717
454.4,7321.4,7.19,16851,58294,1.43,42,435,279,144,27107,11,118,1742,538,20691,4576,4.521634615,0.221158958,25267
454.5,7324.1,7.21,16367,56966,1.4,55,485,299,203,26753,0,330,1678,517,19989,4151,4.815466153,0.207664215,24140
454.6,7327.2,7.24,16265,57037,1.34,54,441,359,130,27280,32,203,1666,659,19731,4269,4.621925509,0.216360043,24000
454.7,7330.2,7.26,16368,57069,1.3,52,418,295,121,26658,34,104,1432,581,20325,4470,4.546979866,0.219926199,24795
454.8,7333.1,7.27,17199,58979,1.37,44,441,302,73,27153,80,210,1356,641,21864,4326,5.05409154,0.197859495,26190
454.9,7336.3,7.28,16942,58329,1.43,60,366,253,97,27244,0,159,1141,569,21268,4284,4.964519141,0.201429377,25552
455,7339.5,7.29,15809,56631,1.4,53,362,293,126,27053,60,163,1444,681,19407,4465,4.346472564,0.230071624,23872
455.1,7342.3,7.31,16353,57928,1.33,34,319,224,123,28211,21,262,1291,677,19551,4502,4.342736562,0.230269551,24053
455.2,7345.3,7.31,16530,57486,1.32,27,267,210,77,26421,46,156,1190,681,21301,4521,4.711568237,0.212243557,25822
455.3,7347.9,7.3,17278,59924,1.44,40,315,176,86,26691,46,33,1078,544,23068,4720,4.887288136,0.20461245,27788
455.4,7350.9,7.3,17570,58795,1.44,46,311,196,77,24984,41,52,893,609,24384,4762,5.120537589,0.195291995,29146
455.5,7353.6,7.29,18307,61484,1.35,31,305,164,68,27107,9,165,875,632,24746,4708,5.256159728,0.19025297,29454
455.6,7356.7,7.28,17820,58916,1.29,30,311,121,84,23700,11,114,960,696,25651,4917,5.216798861,0.191688433,30568
455.7,7359.7,7.27,18800,63421,1.23,44,229,119,72,27029,111,131,868,641,26661,4901,5.439910222,0.183826563,31562
455.8,7362.6,7.27,19156,65130,1.44,51,248,104,37,28743,66,46,735,622,26935,4853,5.550175149,0.180174494,31788
455.9,7365.4,7.27,19591,68070,1.45,16,313,133,25,30441,88,85,657,705,27260,5126,5.317986734,0.188041086,32386
456,7368.2,7.28,19317,65964,1.4,46,294,159,69,29731,51,79,596,446,26843,4902,5.475928193,0.182617442,31745
456.1,7371.1,7.3,18722,60278,1.26,18,262,139,50,23679,51,160,604,620,27119,4905,5.528848114,0.180869501,32024
456.2,7374.2,7.31,18660,58083,1.29,20,281,118,47,21021,0,108,807,577,27581,4898,5.631073908,0.177586019,32479
456.3,7377.1,7.31,18797,56788,1.29,33,277,166,50,19045,0,23,738,420,28253,4846,5.830169212,0.171521608,33099
456.4,7380.2,7.31,18618,56217,1.3,35,283,123,39,18945,0,94,841,456,27428,4875,5.62625641,0.177738078,32303
456.5,7383.3,7.31,17746,52778,1.26,38,279,186,51,17066,0,48,1127,576,26067,4741,5.498207129,0.18187747,30808
456.6,7386.4,7.32,17828,53295,1.28,44,301,167,93,16877,0,106,989,834,26451,4927,5.368581287,0.18626895,31378
456.7,7389.3,7.31,18103,53518,1.33,38,321,210,79,16949,68,183,823,543,26582,4611,5.764909998,0.173463246,31193
456.8,7392.5,7.3,18310,55523,1.36,39,352,267,56,19337,0,331,898,707,26002,4704,5.527636054,0.180909161,30706
456.9,7395.1,7.29,17938,52885,1.34,46,325,260,115,17451,0,61,1049,533,25250,4794,5.267000417,0.189861386,30044
457,7398,7.28,17394,51153,1.35,73,343,234,90,16163,0,156,1103,728,24636,4859,5.070179049,0.197231693,29495
457.1,7401.2,7.28,17992,55970,1.26,50,341,283,100,19975,22,224,1129,831,24860,5065,4.908193485,0.203740949,29925
457.2,7404.4,7.26,18498,55374,1.28,87,377,321,69,18913,46,173,1010,730,25825,4973,5.193042429,0.192565344,30798
457.3,7407.1,7.25,18241,53088,1.37,55,300,262,102,16442,0,265,1174,697,26139,4888,5.347585925,0.187000268,31027
457.4,7410,7.25,18488,50792,1.3,70,383,243,69,13445,0,49,1330,751,26473,5184,5.106674383,0.195822158,31657
457.5,7412.8,7.24,19000,54579,1.43,75,384,280,66,14811,26,137,1256,718,28395,5637,5.037253858,0.198520866,34032
457.6,7415.7,7.22,20565,54564,1.4,50,299,247,49,11461,0,192,1143,749,31601,5411,5.840140455,0.171228759,37012
457.7,7418.6,7.21,20874,52205,1.32,50,309,200,97,6292,0,184,1014,862,34219,5763,5.937706056,0.168415208,39982
457.8,7421.8,7.21,20003,48058,1.26,24,243,140,53,2068,0,188,914,639,34655,5668,6.114149612,0.163555043,40323
457.9,7424.7,7.21,20471,49230,1.47,39,195,101,62,1724,0,0,814,976,36373,5623,6.468611062,0.154592692,41996
458,7428,7.18,21029,49758,1.37,25,224,126,87,2463,0,151,607,855,36492,5518,6.613265676,0.151211224,42010
458.1,7431.3,7.15,20917,51090,1.38,32,275,104,50,3788,0,137,929,687,36466,5320,6.854511278,0.145889322,41786
458.2,7433.9,7.16,20540,51079,1.41,37,236,166,63,4294,0,137,1049,785,35268,5617,6.278796511,0.15926619,40885
458.3,7436.7,7.18,20438,50546,1.34,29,310,213,85,3581,0,181,1379,866,34903,5913,5.902756638,0.169412371,40816
458.4,7439.4,7.21,21186,54435,1.35,0,298,151,57,7005,0,139,1070,882,35639,5616,6.345975783,0.157580179,41255
458.5,7442.2,7.22,20905,54458,1.15,34,233,145,71,7977,0,0,890,804,35292,5683,6.210100299,0.161027995,40975
458.6,7444.9,7.23,20679,56409,1.25,11,249,151,86,10808,0,218,824,698,34528,5807,5.945927329,0.168182345,40335
458.7,7447.9,7.24,21076,55881,1.4,39,237,141,46,9760,99,116,614,756,35292,5623,6.27636493,0.159327893,40915
458.8,7450.8,7.24,21497,59854,1.47,17,310,150,62,14116,34,34,893,630,34807,5556,6.264758819,0.159623064,40363
458.9,7453.4,7.24,22210,64727,1.44,44,373,211,84,18177,0,135,786,629,35211,5594,6.294422596,0.158870807,40805
459,7456,7.24,22042,64143,1.33,36,344,189,71,18659,0,23,776,628,35002,5601,6.249241207,0.160019427,40603
459.1,7459.2,7.24,21632,64554,1.29,43,348,214,55,20062,20,0,774,837,33684,5283,6.375922771,0.156840043,38967
459.2,7461.6,7.23,21570,64278,1.33,69,412,305,46,19765,31,85,837,841,32863,5619,5.848549564,0.170982564,38482
459.3,7464.7,7.23,20985,58450,1.34,43,359,164,79,16324,5,0,605,617,32020,5178,6.18385477,0.16171143,37198
459.4,7467.6,7.22,20357,58916,1.39,75,398,236,101,17657,0,41,667,742,30789,5275,5.836777251,0.171327422,36064
459.5,7469.8,7.22,20325,61476,1.35,81,405,302,139,20943,0,52,803,618,29468,5312,5.547439759,0.180263337,34780
459.6,7472.7,7.21,20554,62474,1.47,56,431,312,114,22524,61,202,993,670,28886,5169,5.588314955,0.178944818,34055
459.7,7475.5,7.21,20316,57474,1.28,22,345,175,113,16280,33,230,1208,782,29731,5495,5.41055505,0.184823921,35226
459.8,7478.4,7.2,20818,59322,1.55,59,350,209,107,17209,0,123,1081,798,30731,5639,5.449725129,0.183495493,36370
459.9,7481.1,7.19,21513,62666,1.46,39,302,186,72,19285,73,19,982,749,31746,5651,5.617766767,0.178006678,37397
460,7484.1,7.2,20729,61357,1.49,46,354,223,98,19264,11,154,1008,805,31001,5314,5.833835152,0.171413825,36315
460.1,7486.4,7.22,20232,59667,1.6,83,327,268,60,16947,60,64,960,810,31622,5515,5.733816863,0.174403896,37137
460.2,7490.1,7.21,20272,57743,1.38,36,303,243,77,15071,11,136,891,631,31933,5643,5.658869396,0.176713744,37576
460.3,7492.6,7.21,20205,56766,1.43,54,313,200,64,13488,0,106,1246,730,31599,5613,5.629609834,0.177632204,37212
460.4,7495.6,7.2,20105,57292,1.28,65,298,189,64,14259,47,0,1026,849,31834,5568,5.717313218,0.174907332,37402
460.5,7498.5,7.17,19500,54914,1.33,105,309,303,25,12629,31,197,984,687,31191,5617,5.552964216,0.180083999,36808
460.6,7501.6,7.14,20240,55810,1.37,121,418,349,94,11682,96,119,942,779,32248,5470,5.895429616,0.169622922,37718
460.7,7503.8,7.13,19937,53937,1.31,55,283,189,54,9873,38,143,801,681,33331,5415,6.155309326,0.162461372,38746
460.8,7506.9,7.14,19815,56076,1.24,54,296,234,75,11616,95,118,829,672,32750,5644,5.802622254,0.172335878,38394
460.9,7509.9,7.15,19932,57244,1.28,47,261,247,75,13232,63,200,980,811,32089,5915,5.425021133,0.184331079,38004
461,7512,7.17,20708,59422,1.29,66,269,278,30,12588,122,158,1067,745,34397,6019,5.714736667,0.174986191,40416
461.1,7515.8,7.21,21645,61521,1.22,52,276,251,54,13847,109,0,823,796,35973,6039,5.956780924,0.167875907,42012
461.2,7518.8,7.25,21797,61725,1.36,61,297,257,81,13195,69,24,683,815,36762,5960,6.168120805,0.162123932,42722
461.3,7521.7,7.27,21704,62786,1.25,51,341,275,70,14739,87,100,619,762,36133,6160,5.865746753,0.170481278,42293
461.4,7524.5,7.28,21745,58774,1.31,37,282,190,60,10702,87,0,622,927,36591,5785,6.325151253,0.158098986,42376
461.5,7527.4,7.3,21407,56468,1.35,52,288,231,37,8343,0,74,621,952,36536,5987,6.102555537,0.163865776,42523
461.6,7530,7.32,21633,60736,1.3,46,322,231,69,11655,61,42,852,990,37004,5966,6.202480724,0.161225813,42970
461.7,7533.4,7.34,22139,60783,1.39,76,344,291,39,11973,31,74,813,809,36986,5966,6.199463627,0.161304277,42952
461.8,7535.8,7.35,22313,60485,1.32,74,338,265,69,10207,0,0,661,979,38154,6109,6.245539368,0.160114274,44263
461.9,7539,7.36,22240,59391,1.32,58,339,259,63,9332,63,123,788,778,37676,6060,6.217161716,0.1608451,43736
462,7541.6,7.37,22276,61485,1.34,51,367,287,52,11228,0,148,785,946,37675,6245,6.032826261,0.165759788,43920
462.1,7544.4,7.38,21846,60530,1.26,51,354,276,77,10681,51,126,780,935,37354,6312,5.917934094,0.168977887,43666
462.2,7547.5,7.37,22186,59737,1.43,45,406,317,106,9873,65,38,1033,883,37189,5930,6.271332209,0.159455753,43119
462.3,7549.9,7.38,22288,59870,1.36,45,450,310,49,10395,0,169,924,835,37185,5947,6.25273247,0.159930079,43132
462.4,7552.6,7.39,21884,57532,1.27,57,466,358,59,7698,22,57,988,1006,37535,5957,6.300990431,0.158705208,43492
462.5,7555.2,7.4,22005,58662,1.27,96,497,427,78,8224,96,208,997,999,37343,6132,6.089856491,0.164207482,43475
462.6,7557.7,7.42,22160,56316,1.44,65,477,309,58,6221,39,162,795,776,37409,6113,6.11958122,0.163409875,43522
462.7,7560.3,7.43,22085,57515,1.32,79,518,368,58,8542,38,159,972,760,36561,5819,6.283038323,0.159158666,42380
462.8,7563.1,7.44,21205,54312,1.28,17,346,325,73,6714,12,76,830,749,36343,5797,6.269277212,0.159508021,42140
462.9,7565.9,7.45,21120,54561,1.32,60,352,276,100,7735,0,50,662,752,35126,5767,6.0908618,0.164180379,40893
463,7568.5,7.46,20816,52914,1.26,29,357,230,77,6293,6,32,564,929,35425,5644,6.276576896,0.159322512,41069
463.1,7571.2,7.46,21329,55463,1.31,81,526,388,129,8663,59,74,651,743,34967,5606,6.237424188,0.16032259,40573
463.2,7574.1,7.44,20842,55004,1.35,62,432,286,80,9310,6,0,793,725,34091,5691,5.990335618,0.166935555,39782
463.3,7576.5,7.43,21047,56072,1.29,37,396,236,103,9693,83,165,812,665,34576,5665,6.103442189,0.163841971,40241
463.4,7579.6,7.42,21218,57776,1.35,55,421,263,83,12574,15,151,761,709,33826,5528,6.119030391,0.163424585,39354
463.5,7582.1,7.42,20894,57025,1.37,47,408,201,69,13435,0,225,926,544,32203,5655,5.694606543,0.175604757,37858
463.6,7585.5,7.44,20473,59794,1.37,59,415,236,113,17557,75,244,835,756,30912,5376,5.75,0.173913043,36288
463.7,7588.7,7.46,20517,63376,1.43,44,426,293,122,20791,0,400,946,796,30917,5524,5.596850109,0.178671928,36441
463.8,7591.7,7.47,21503,62434,1.47,61,328,233,98,16143,0,196,998,651,34576,5887,5.873280109,0.17026261,40463
463.9,7594.5,7.47,22300,61692,1.39,48,362,186,84,12731,0,146,757,802,37188,5852,6.354750513,0.15736259,43040
464,7597.2,7.48,21462,59549,1.4,61,362,218,75,11940,0,235,777,702,35798,5823,6.147690194,0.162662719,41621
464.1,7600.3,7.49,20403,56559,1.49,135,348,267,95,10539,17,245,743,870,34203,5749,5.949382501,0.168084671,39952
464.2,7602.7,7.49,19841,55532,1.34,203,341,353,153,10756,49,275,675,876,33451,5652,5.918435952,0.168963559,39103
464.3,7605.8,7.48,19991,54764,1.3,338,327,301,99,9005,30,387,781,654,34052,5631,6.047238501,0.165364736,39683
464.4,7608.6,7.47,20793,56163,1.31,236,339,290,74,8997,0,262,811,700,35162,5998,5.862287429,0.170581878,41160
464.5,7611.1,7.48,21183,57049,1.39,155,324,134,101,9097,0,172,774,688,36199,5952,6.081821237,0.164424432,42151
464.6,7614,7.49,22012,59440,1.35,48,329,178,48,11961,0,0,466,737,37033,5810,6.374010327,0.156887101,42843
464.7,7616.1,7.5,22494,62424,1.5,36,337,183,70,14882,0,86,600,698,36110,5802,6.22371596,0.160675713,41912
464.8,7619,7.5,22469,62553,1.27,17,295,168,80,15777,0,7,969,745,35415,5852,6.05177717,0.165240717,41267
464.9,7621.8,7.5,21830,63461,1.37,48,344,194,78,17130,18,139,1055,761,34318,5421,6.330566316,0.157963751,39739
465,7625,7.5,21229,60096,1.4,51,512,253,67,15027,58,0,961,731,33371,5576,5.984756098,0.167091187,38947
465.1,7627.6,7.5,21096,58432,1.2,47,513,263,90,13558,40,0,937,676,32982,5762,5.724054148,0.174701352,38744
465.2,7630.4,7.49,20663,57354,1.37,76,407,266,131,12511,14,114,970,929,33012,5687,5.804818006,0.172270689,38699
465.3,7633.3,7.49,21248,58689,1.28,27,368,216,60,12819,0,113,1029,770,34208,5734,5.965817928,0.167621609,39942
465.4,7636.1,7.49,21963,60459,1.19,35,389,161,82,14604,0,137,828,794,34056,5863,5.808630394,0.172157623,39919
465.5,7639.6,7.48,21842,64408,1.44,55,428,233,93,18533,0,83,944,998,34048,5508,6.181554103,0.161771617,39556
465.6,7642.6,7.48,21355,59879,1.44,48,373,162,68,14404,47,89,957,730,34026,5752,5.91550765,0.169047199,39778
465.7,7645.2,7.51,20805,56590,1.45,24,301,166,114,10816,0,135,606,839,34413,5847,5.88558235,0.169906721,40260
465.8,7648,7.51,20509,55430,1.44,28,275,157,85,10199,23,71,787,999,34611,5606,6.173920799,0.161971628,40217
465.9,7650.7,7.52,22068,62232,1.38,53,215,211,104,13692,0,220,889,863,36589,5903,6.198373708,0.161332641,42492
466,7653.4,7.53,22485,63617,1.3,38,291,269,92,14086,88,107,555,796,37486,6023,6.223808733,0.160673318,43509
466.1,7656.4,7.54,22554,63544,1.21,29,253,217,93,13725,0,99,478,874,37901,6064,6.250164908,0.159995778,43965
466.2,7659.5,7.55,22302,60244,1.37,23,285,194,57,10827,0,126,623,884,37667,6092,6.183026921,0.161733082,43759
466.3,7662.5,7.56,22219,59267,1.33,29,269,130,101,10862,39,0,597,788,37165,5965,6.230511316,0.160500471,43130
466.4,7665.2,7.55,22118,58879,1.16,20,283,132,57,10360,24,0,394,843,37087,5946,6.237302388,0.160325721,43033
466.5,7667.6,7.56,22648,58961,1.27,28,265,111,60,9685,15,0,296,812,38233,5960,6.414932886,0.155886276,44193
466.6,7670.2,7.55,22744,60422,1.29,47,346,134,46,9947,0,155,522,774,38034,6196,6.138476436,0.162906873,44230
466.7,7673.3,7.54,22418,60824,1.32,29,295,155,73,11796,0,0,753,789,37149,5831,6.370948379,0.156962502,42980
466.8,7676.2,7.53,22720,61758,1.41,67,385,248,92,13499,18,35,718,689,36688,5854,6.267167749,0.15956171,42542
466.9,7679.1,7.54,21470,57485,1.31,83,358,218,77,9782,0,18,900,818,35757,5887,6.073891626,0.164639092,41644
467,7682.7,7.55,22001,58931,1.31,69,388,231,75,10847,30,117,1026,758,35705,6068,5.884146341,0.169948187,41773
467.1,7685.5,7.55,22181,59235,1.19,28,344,156,97,10197,0,115,770,865,36890,6025,6.122821577,0.163323394,42915
467.2,7688,7.55,21884,58624,1.23,68,346,236,76,11546,0,46,812,793,35457,6010,5.899667221,0.169501086,41467
467.3,7690.7,7.56,21681,61536,1.3,23,308,112,74,14713,109,90,662,936,34966,5971,5.855970524,0.170765887,40937
467.4,7693,7.55,21670,61340,1.3,31,295,132,36,14418,38,210,560,812,35607,5953,5.981353939,0.167186227,41560
467.5,7695.7,7.55,22815,67620,1.43,26,319,174,91,19055,55,132,763,788,36032,6240,5.774358974,0.173179396,42272
467.6,7697.9,7.54,22788,66896,1.47,43,311,135,64,18904,0,85,612,807,36291,6048,6.000496032,0.166652889,42339
467.7,7700.5,7.55,21972,65456,1.4,34,291,152,40,18468,0,135,699,669,35479,5934,5.978934951,0.167253868,41413
467.8,7703.1,7.56,22196,66825,1.44,61,291,159,71,19852,19,0,612,804,35466,5932,5.978759272,0.167258783,41398
467.9,7705.9,7.56,22449,69055,1.45,65,319,157,47,21965,58,62,722,844,35487,5949,5.965204236,0.167638854,41436
468,7708.5,7.56,22169,61012,1.36,25,278,156,50,13950,37,102,679,665,35727,5843,6.114495978,0.163545778,41570
468.1,7711.3,7.57,21210,53657,1.4,39,245,135,45,6265,0,64,694,800,36216,5676,6.380549683,0.156726309,41892
468.2,7714.3,7.58,21237,55305,1.37,28,288,140,76,7976,11,111,683,793,35955,6011,5.981533855,0.167181199,41966
468.3,7717,7.56,21618,60617,1.63,39,272,153,100,13054,0,136,736,933,35763,5968,5.992459786,0.166876381,41731
468.4,7719.9,7.55,22470,64884,1.45,47,343,308,74,16293,49,182,549,696,36449,6095,5.980147662,0.167219951,42544
468.5,7723.1,7.55,22495,64858,1.38,84,321,250,87,16819,8,105,810,920,36327,5901,6.156075241,0.162441159,42228
468.6,7725.8,7.55,21310,61574,1.32,116,523,462,99,14836,31,11,896,772,34690,5824,5.956387363,0.167886999,40514
468.7,7729.1,7.55,21401,63711,1.22,128,487,519,106,16834,0,239,908,690,34554,5739,6.020909566,0.166087862,40293
468.8,7732.3,7.56,21518,62427,1.35,80,391,299,100,16097,21,96,607,695,34923,5729,6.095828242,0.164046617,40652
468.9,7735.4,7.56,21389,59566,1.27,54,369,251,69,13293,0,123,757,839,34573,5783,5.978384921,0.167269256,40356
469,7738.3,7.55,21892,58162,1.3,26,311,128,69,10869,0,0,695,595,35819,6027,5.943089431,0.168262654,41846
469.1,7741.2,7.54,22088,59183,1.38,19,280,111,60,10462,0,179,707,1004,36691,5945,6.171740959,0.162028835,42636
469.2,7744,7.54,22159,58744,1.45,42,340,155,65,9992,0,99,678,1010,37025,5891,6.285011034,0.15910871,42916
469.3,7747.2,7.53,21484,56442,1.41,37,331,170,90,10026,0,23,825,584,35378,5897,5.999321689,0.166685511,41275
469.4,7749.5,7.54,21130,58190,1.35,169,436,373,69,10723,0,193,989,934,35112,5996,5.855903936,0.170767829,41108
469.5,7752.5,7.54,21383,57805,1.27,108,395,384,53,8935,0,245,919,860,36581,6036,6.06047051,0.16500369,42617
469.6,7755.9,7.54,21993,57253,1.27,27,339,154,63,8683,20,167,882,897,36813,5773,6.376753854,0.156819602,42586
469.7,7758.3,7.53,21022,53327,1.26,31,314,96,59,6812,0,42,701,663,35981,5695,6.317998244,0.15827798,41676
469.8,7761.4,7.53,22028,58376,1.27,64,376,161,98,9321,30,68,1141,775,36763,6052,6.07452082,0.164622038,42815
469.9,7764.4,7.53,22673,60334,1.44,52,453,210,28,10667,0,141,651,737,37966,6055,6.270189926,0.159484802,44021
470,7767.1,7.53,22067,56197,1.27,53,369,84,43,6398,0,0,579,728,38773,5855,6.622203245,0.151007144,44628
470.1,7769.7,7.54,21827,56977,1.35,57,439,134,71,7010,0,72,696,896,38061,5897,6.454298796,0.154935498,43958
470.2,7772.6,7.53,21488,58477,1.29,56,444,136,73,10832,12,99,564,954,36420,5693,6.397330054,0.156315211,42113
470.3,7775.5,7.53,21203,59320,1.26,83,449,166,77,11827,31,54,657,877,36007,5676,6.343727977,0.157636015,41683
470.4,7778.2,7.52,20871,57502,1.33,81,468,230,92,11118,0,55,771,711,35078,5763,6.086760368,0.164291009,40841
470.5,7781.2,7.52,20416,56583,1.36,52,368,163,66,12152,0,84,752,765,33626,5539,6.070770897,0.164723726,39165
470.6,7783.7,7.51,19707,56571,1.23,62,362,212,41,12441,0,128,900,686,33280,5557,5.988842901,0.166977163,38837
470.7,7786.3,7.51,19962,55932,1.43,52,293,191,42,12330,16,37,753,796,33321,5336,6.244565217,0.160139252,38657
470.8,7789.6,7.51,20101,58703,1.33,56,313,192,92,14786,0,0,828,919,32800,5602,5.855051767,0.170792683,38402
470.9,7792.9,7.49,20366,62166,1.22,99,394,361,205,19170,13,89,681,683,32148,5362,5.995524058,0.166791091,37510
471,7796,7.49,19998,58826,1.38,61,355,309,157,16592,111,102,1071,794,31120,5161,6.029839178,0.165841902,36281
471.1,7798.6,7.48,19404,52595,1.28,25,258,161,77,10576,64,0,826,849,31464,5390,5.837476809,0.17130689,36854
471.2,7801.4,7.48,19644,54765,1.21,52,283,184,36,11966,29,167,957,668,31428,5703,5.510783798,0.18146239,37131
471.3,7804.3,7.47,19960,55473,1.57,74,356,176,78,11774,0,174,903,662,32774,5546,5.909484313,0.169219503,38320
471.4,7807.1,7.47,19045,53526,1.25,37,295,150,24,11222,0,0,737,814,31475,5633,5.587608734,0.178967434,37108
471.5,7810.6,7.47,19241,53440,1.41,60,273,155,55,11811,0,0,879,667,30727,5561,5.525445064,0.180980896,36288
471.6,7812.9,7.46,19847,56788,1.4,43,332,218,71,13405,24,143,939,877,31897,5759,5.53863518,0.180549895,37656
471.7,7815.5,7.46,20619,59381,1.19,54,351,186,75,15638,58,112,936,790,32679,5640,5.794148936,0.1725879,38319
471.8,7818.2,7.45,20884,56797,1.32,32,349,240,89,11867,0,71,797,791,33758,5670,5.953791887,0.167960187,39428
471.9,7820.7,7.45,20961,58032,1.32,44,361,191,80,12448,0,100,660,825,34636,5796,5.975845411,0.16734034,40432
472,7823.5,7.44,21520,60070,1.43,41,314,157,24,13158,19,162,560,719,36083,5852,6.165926179,0.162181637,41935
472.1,7826.6,7.43,21999,60817,1.41,47,344,170,54,13489,0,147,524,793,36364,5643,6.444090023,0.155180948,42007
472.2,7829.4,7.43,21892,61534,1.27,26,280,142,55,14250,0,138,450,760,36260,6031,6.012269939,0.166326531,42291
472.3,7832.4,7.41,22062,58673,1.3,6,233,115,29,10866,8,82,493,653,36817,5962,6.175276753,0.161936062,42779
472.4,7834.8,7.41,22069,60148,1.24,33,270,142,39,12324,20,0,501,762,36605,5825,6.284120172,0.159131266,42430
472.5,7837.8,7.4,22171,61355,1.4,41,287,121,33,12818,88,101,502,843,37275,6044,6.167273329,0.162146211,43319
472.6,7841.2,7.4,22204,63132,1.35,15,243,136,66,15015,0,0,527,771,36679,6037,6.075699851,0.164590092,42716
472.7,7843.8,7.41,22337,62502,1.39,20,255,140,78,13619,0,0,582,719,37374,6305,5.927676447,0.168700166,43679
472.8,7846.8,7.41,22198,60674,1.39,18,270,128,63,12763,28,11,463,612,36991,5856,6.316769126,0.158308778,42847
472.9,7850.2,7.42,22223,61393,1.33,43,288,146,55,13703,0,161,549,736,36588,5754,6.358706986,0.157264677,42342
473,7852.7,7.42,22070,60899,1.45,41,252,121,17,13325,0,108,537,867,36232,5875,6.167148936,0.162149481,42107
473.1,7855.2,7.43,21722,60182,1.38,28,269,134,60,13948,0,93,639,698,35335,5666,6.23632192,0.160350927,41001
473.2,7858.5,7.43,21057,56941,1.39,25,228,122,11,12346,78,61,481,665,33943,5705,5.949693252,0.168075892,39648
473.3,7861.6,7.43,21333,58532,1.3,30,293,113,85,12998,0,120,852,621,34426,5563,6.188387561,0.161592982,39989
473.4,7864.8,7.43,21377,58576,1.39,19,298,107,97,11952,0,150,640,719,35547,5678,6.260479042,0.159732186,41225
473.5,7868.3,7.43,21444,62196,1.41,51,318,188,25,17312,0,136,776,803,33997,5499,6.182396799,0.161749566,39496
473.6,7871.4,7.43,21292,62495,1.5,28,372,170,43,18471,0,134,886,719,33067,5322,6.21326569,0.160945958,38389
473.7,7874.7,7.43,20964,61058,1.58,66,327,193,55,16923,0,172,1139,840,32522,5505,5.907720254,0.169270033,38027
473.8,7877.5,7.43,20798,60494,1.38,44,301,178,70,15838,27,39,902,812,33221,5557,5.978225661,0.167273712,38778
473.9,7880.3,7.43,20290,56069,1.44,47,248,171,60,12833,92,171,1051,745,32051,5173,6.195824473,0.16139902,37224
474,7883.3,7.42,20717,60416,1.69,42,324,150,51,16642,8,204,944,780,32558,5356,6.078790142,0.164506419,37914
474.1,7886.7,7.41,20796,59474,1.35,67,399,155,87,14536,57,137,1089,738,33099,5459,6.063198388,0.164929454,38558
474.2,7889.3,7.39,20992,62293,1.37,37,345,193,67,18734,182,115,1026,793,31847,5384,5.915118871,0.16905831,37231
474.3,7892,7.4,20548,59885,1.28,16,332,177,57,16942,38,218,1154,656,31571,5242,6.022701259,0.166038453,36813
474.4,7894.4,7.4,20477,59413,1.37,27,383,212,27,15704,79,148,1117,660,31940,5528,5.777858177,0.173074515,37468
474.5,7897.6,7.38,20218,56956,1.33,48,367,202,98,13633,0,122,1435,712,31495,5505,5.721162579,0.174789649,37000
474.6,7900.5,7.39,20176,56043,1.28,82,411,299,72,12006,0,160,1590,796,31880,5373,5.933370556,0.168538269,37253
474.7,7903.2,7.38,20390,57684,1.31,70,507,387,83,12656,0,219,1475,601,32546,5663,5.747130496,0.173999877,38209
474.8,7906.3,7.38,20635,56855,1.34,82,416,372,74,11211,16,231,1329,855,33328,5650,5.898761062,0.169527124,38978
474.9,7909.5,7.39,20853,55809,1.29,40,303,251,83,10844,0,81,1115,916,33413,5520,6.05307971,0.16520516,38933
475,7912.2,7.39,20770,56684,1.34,39,303,256,80,10357,0,197,1185,608,34529,5558,6.212486506,0.160966144,40087
475.1,7914.8,7.38,20598,55141,1.31,53,389,244,59,9147,0,109,1056,883,34017,5557,6.121468418,0.163359497,39574
475.2,7917.7,7.38,20575,54940,1.18,52,379,228,72,9625,88,172,1177,758,33149,5532,5.992227043,0.166882862,38681
475.3,7920.4,7.38,20353,53604,1.44,77,360,260,49,8777,0,29,1205,771,32953,5433,6.065341432,0.16487118,38386
475.4,7922.9,7.38,19990,52493,1.23,44,388,303,38,8079,37,222,1080,683,32785,5502,5.958742276,0.16782065,38287
475.5,7925.6,7.37,19401,52787,1.35,71,367,222,64,9017,47,287,1218,790,31180,5514,5.654697135,0.176844131,36694
475.6,7928.2,7.37,19465,55704,1.29,119,409,359,103,12963,0,201,1233,811,30805,5254,5.863151884,0.170556728,36059
475.7,7930.6,7.37,20235,55013,1.42,102,395,309,120,10508,0,183,1282,850,32490,5464,5.946193265,0.168174823,37954
475.8,7933.2,7.36,20275,56511,1.53,166,503,307,79,11720,0,279,1236,698,32575,5635,5.780834073,0.172985418,38210
475.9,7935.7,7.36,20531,57941,1.24,203,491,402,127,12709,0,268,1058,881,33012,5563,5.934208161,0.16851448,38575
476,7938.4,7.37,20846,59659,1.26,150,385,319,80,13492,10,238,1144,802,33935,5693,5.960829088,0.167761898,39628
476.1,7940.5,7.36,21054,60225,1.32,175,430,418,81,13217,11,235,1211,638,34455,5798,5.942566402,0.168277463,40253
476.2,7943.2,7.36,21395,62500,1.44,94,387,275,65,14980,0,109,1205,805,34690,5708,6.077435179,0.164543096,40398
476.3,7946.2,7.35,21191,60990,1.43,80,340,175,49,15750,50,160,1250,698,33540,5415,6.193905817,0.161449016,38955
476.4,7949,7.34,20628,58051,1.3,45,403,386,67,12412,7,160,1396,877,33202,5750,5.77426087,0.173182338,38952
476.5,7951.7,7.34,21000,57365,1.48,64,406,418,57,11312,0,167,1375,779,33573,5813,5.775503183,0.173145087,39386
476.6,7953.7,7.33,21146,55896,1.29,31,315,197,57,9451,0,122,1121,864,34555,5794,5.963928202,0.167674721,40349
476.7,7956.3,7.33,21198,55687,1.42,36,301,184,50,9481,0,26,1018,731,34752,5616,6.188034188,0.16160221,40368
476.8,7958.8,7.32,21218,55400,1.22,88,293,225,53,8280,0,55,1048,700,35780,5731,6.243238527,0.160173281,41511
476.9,7961.8,7.32,21330,57693,1.42,37,235,94,34,9931,0,0,865,689,36668,5697,6.436370019,0.155367078,42365
477,7964.9,7.3,22735,63419,1.53,34,295,188,42,14581,0,61,721,698,37772,5674,6.657032076,0.150217092,43446
477.1,7967.5,7.3,22916,63484,1.44,17,337,128,112,12833,32,104,850,882,38548,6047,6.374731272,0.156869358,44595
477.2,7970.5,7.31,22519,61832,1.32,14,288,85,28,11470,0,91,708,809,39145,6021,6.501411726,0.153812747,45166
477.3,7972.9,7.32,22573,63784,1.18,13,264,91,37,12980,5,120,783,877,39074,5982,6.531929121,0.153094129,45056
477.4,7975.5,7.3,23011,61669,1.27,25,230,87,31,10333,0,166,887,787,39378,6074,6.483042476,0.154248565,45452
477.5,7978.4,7.29,22590,59082,1.22,20,233,60,35,7049,9,101,802,955,39704,6202,6.401805869,0.156205924,45906
477.6,7981.5,7.28,22512,58814,1.25,7,218,76,42,7039,45,42,942,925,40086,6142,6.526538587,0.153220576,46228
477.7,7983.7,7.27,22336,57322,1.21,20,223,92,32,4544,48,158,870,912,40478,6166,6.564709698,0.152329661,46644
477.8,7986.5,7.26,22491,56417,1.29,10,271,126,62,5084,42,23,783,904,39083,6070,6.438714992,0.155310493,45153
477.9,7989.7,7.26,22235,57187,1.34,36,290,117,62,6104,43,85,990,845,38785,5893,6.581537417,0.151940183,44678
478,7992.4,7.27,21997,56031,1.23,21,263,94,35,6391,0,45,725,770,38138,5733,6.65236351,0.150322513,43871
478.1,7995.5,7.25,22234,56623,1.43,9,258,65,59,6152,0,0,717,880,38623,5976,6.463018742,0.154726458,44599
478.2,7998,7.23,22719,57827,1.34,24,261,48,63,6155,29,89,818,907,39662,5957,6.658049354,0.15019414,45619
478.3,8001,7.22,22948,58505,1.3,24,229,36,46,6188,0,194,921,841,39728,6191,6.417057018,0.155834676,45919
478.4,8003.7,7.21,22705,57357,1.3,29,352,69,32,5868,0,0,864,966,38906,5959,6.52894781,0.153164036,44865
478.5,8006.5,7.23,22241,56348,1.25,45,329,137,72,4881,6,0,993,856,38515,6072,6.343050066,0.157652863,44587
478.6,8008.8,7.24,21917,54746,1.52,35,280,174,50,4706,0,18,1009,727,38292,5834,6.563592732,0.152355583,44126
478.7,8011.6,7.25,20747,51871,1.32,49,243,95,43,3529,0,72,733,942,36864,5751,6.410015649,0.156005859,42615
478.8,8014,7.26,21197,54798,1.25,17,234,114,11,4345,99,0,969,832,38259,6251,6.120460726,0.163386393,44510
478.9,8016.9,7.26,21402,53899,1.29,41,296,118,59,4410,0,132,852,725,37983,5808,6.539772727,0.152910513,43791
479,8019.9,7.26,21390,54755,1.22,53,369,190,47,4748,17,157,1010,971,37828,5954,6.353375882,0.157396637,43782
479.1,8021.8,7.28,21438,55368,1.21,35,278,119,61,5120,0,192,966,959,37956,5907,6.42559675,0.155627569,43863
479.2,8024.4,7.29,20986,54539,1.44,54,317,91,28,5012,0,129,943,847,37372,5888,6.347146739,0.157551108,43260
479.3,8026.9,7.31,20688,54062,1.14,31,273,123,61,5890,15,108,814,819,36620,5672,6.456276446,0.154888039,42292
479.4,8030.1,7.33,20772,54436,1.43,30,293,91,35,5868,0,97,982,873,36723,5613,6.542490647,0.15284699,42336
479.5,8032.9,7.33,21109,53353,1.38,34,303,118,30,4713,0,80,783,681,37170,5800,6.40862069,0.156039817,42970
479.6,8035.9,7.35,20938,53651,1.21,38,283,85,32,4046,6,33,701,1028,38065,5831,6.528039787,0.153185341,43896
479.7,8038.7,7.35,20643,52811,1.4,28,265,69,35,4290,0,0,684,918,37412,5831,6.416052135,0.155859083,43243
479.8,8041.3,7.35,20606,53711,1.33,21,240,91,33,5687,0,0,890,750,36821,5597,6.578702877,0.152005649,42418
479.9,8043.9,7.35,20622,52499,1.41,26,221,48,57,4586,0,89,880,867,36599,5765,6.34848222,0.157517965,42364
480,8046.4,7.34,21121,53020,1.31,37,236,101,61,4520,0,0,810,724,37580,5497,6.836456249,0.146274614,43077
480.1,8049.5,7.34,20973,53518,1.59,43,267,87,67,5157,12,0,881,875,36968,5766,6.411377038,0.155972733,42734
480.2,8052.4,7.35,20785,54138,1.22,43,308,117,39,6011,10,135,786,744,36494,5990,6.092487479,0.16413657,42484
480.3,8055.7,7.35,21179,57009,1.35,55,306,81,47,9002,0,24,824,760,36627,5883,6.22590515,0.160619215,42510
480.4,8058.7,7.35,20745,54484,1.3,36,199,86,58,6808,0,0,915,699,36465,5767,6.323044911,0.158151652,42232
480.5,8061.7,7.36,20308,55058,1.26,25,215,67,29,8120,0,172,877,875,35528,5656,6.281471004,0.159198379,41184
480.6,8064.7,7.35,20283,54282,1.39,0,259,76,62,7418,0,171,776,951,35714,5538,6.448898519,0.155065241,41252
480.7,8068.2,7.34,20981,57077,1.39,46,217,116,40,8571,9,133,870,810,36591,5859,6.245263697,0.160121341,42450
480.8,8071.1,7.33,21273,58831,1.41,16,233,107,45,9607,48,89,889,946,37234,5943,6.265185933,0.159612182,43177
480.9,8074.1,7.35,21484,58126,1.38,25,274,57,69,7831,12,0,1100,740,38104,6085,6.261955629,0.15969452,44189
481.1,8080,7.55,23429,56110,1.16,27,314,62,75,1983,0,0,442,882,42137,6342,6.644118575,0.150509054,48479
481.2,8083.1,7.54,23683,54781,1.4,0,273,0,53,1894,0,0,263,748,41541,6252,6.644433781,0.150501914,47793
481.3,8086.3,7.53,23099,54704,1.27,20,307,59,53,1744,0,0,306,854,41442,6341,6.535562214,0.153009025,47783
481.4,8089.2,7.54,22774,54306,1.33,10,247,0,31,1418,0,0,415,846,41673,6187,6.735574592,0.148465433,47860
481.5,8091.7,7.55,23527,56547,1.24,26,252,45,0,1563,0,0,526,853,42831,6653,6.437847588,0.155331419,49484
481.6,8094.5,7.55,23887,57511,1.27,16,234,34,33,1830,0,0,334,922,43790,6726,6.510556051,0.153596712,50516
481.7,8097.1,7.55,24321,59075,1.32,19,283,26,50,3352,0,0,403,671,43549,6844,6.363091759,0.157156307,50393
481.8,8099.7,7.54,24723,60803,1.35,6,296,13,26,5080,0,44,475,943,43744,6522,6.707145048,0.149094733,50266
481.9,8101.9,7.54,24322,62083,1.4,37,276,17,25,6645,8,130,511,983,43465,6579,6.606627147,0.151363166,50044
482,8105.1,7.54,24528,61619,1.29,0,190,27,0,5610,0,121,608,843,44066,6303,6.991273997,0.143035447,50369
482.1,8108.5,7.53,24806,62529,1.35,0,227,27,0,5401,35,0,411,997,44628,6891,6.4762734,0.154409788,51519
482.2,8111.5,7.52,24661,61152,1.26,10,292,15,33,5299,0,0,397,886,43989,6509,6.75818098,0.14796881,50498
482.3,8114,7.51,24446,59711,1.31,11,301,47,21,4161,0,0,401,830,44209,6341,6.971928718,0.143432333,50550
482.4,8116.2,7.51,24239,59589,1.36,25,287,13,26,4395,0,0,469,892,43116,6356,6.783511643,0.147416272,49472
482.5,8118.9,7.51,23880,58364,1.32,19,256,0,33,4167,0,0,247,986,42738,6738,6.342831701,0.15765829,49476
482.6,8121.6,7.49,23919,59036,1.22,18,292,31,40,3878,0,38,367,910,43850,6450,6.798449612,0.14709236,50300
482.7,8125,7.47,24258,60305,1.26,18,224,35,16,3379,22,0,491,888,44433,6920,6.420953757,0.155740103,51353
482.8,8128,7.45,24829,61173,1.23,17,274,0,36,3156,0,213,477,1000,45564,6773,6.727299572,0.148648055,52337
482.9,8130.3,7.44,24814,59333,1.26,25,291,34,34,2621,0,0,295,1037,44863,6560,6.838871951,0.146222945,51423
483,8133.1,7.44,24220,58574,1.3,9,284,26,26,3041,0,89,330,910,43851,6310,6.949445325,0.143896376,50161
483.1,8135.7,7.44,23702,58583,1.26,0,245,21,48,4141,42,0,519,798,42731,6492,6.582101047,0.151927172,49223
483.2,8139,7.42,23894,61058,1.3,16,281,34,50,4750,40,0,357,1146,43815,6790,6.45287187,0.154969759,50605
483.3,8141.7,7.39,24588,66191,1.34,21,298,35,47,10661,51,134,429,1097,43186,6612,6.531457955,0.153105173,49798
483.4,8144.9,7.39,23698,59834,1.28,0,277,30,35,5080,89,0,280,871,43391,6551,6.623568921,0.150976009,49942
483.5,8147.9,7.39,22924,57240,1.3,18,246,11,43,3114,42,33,394,1025,42678,6483,6.583063397,0.151904963,49161
483.6,8150.9,7.36,23205,60603,1.43,11,289,22,42,6507,40,0,395,915,42639,6069,7.025704399,0.142334483,48708
483.7,8153.9,7.33,23252,62020,1.25,24,279,40,0,9121,59,49,379,867,41336,6500,6.359384615,0.157247919,47836
483.8,8156.9,7.31,22588,58491,1.41,15,313,5,36,7253,0,0,294,874,40443,5993,6.748373102,0.148183864,46436
483.9,8159.7,7.3,22141,63880,1.27,15,236,18,8,13848,0,53,279,804,39360,6100,6.452459016,0.154979675,45460
484,8163.3,7.28,21565,61870,1.26,25,224,41,0,13396,0,0,359,775,37938,6030,6.291542289,0.158943539,43968
484.2,8169.3,7.19,23035,59539,1.3,11,284,28,26,6330,108,0,472,863,41480,6435,6.445998446,0.155135005,47915
484.3,8172.2,7.17,23462,58959,1.21,10,232,0,31,4997,155,0,409,962,42519,6583,6.458909312,0.154824902,49102
484.4,8175.9,7.17,23637,60727,1.27,18,257,56,51,5463,115,69,427,740,43276,6533,6.624215521,0.150961272,49809
484.5,8178.5,7.16,23546,58362,1.37,0,259,47,72,4816,0,106,372,927,42217,6522,6.473014413,0.154487529,48739
484.6,8181,7.16,22668,56293,1.16,18,219,22,39,3408,58,0,446,820,41333,6458,6.400278724,0.156243196,47791
484.7,8184,7.17,22539,57392,1.25,11,252,26,33,6343,109,31,378,871,39905,5882,6.784257055,0.147400075,45787
484.8,8187.4,7.16,21889,59243,1.3,19,223,19,40,9508,56,0,476,871,39103,5927,6.597435465,0.151574048,45030
484.9,8190.4,7.13,22615,70730,1.62,27,274,42,40,23378,100,0,302,776,36626,5834,6.278025369,0.159285753,42460
485,8193.3,7.1,22496,71546,1.71,6,230,55,17,25586,118,0,216,646,35788,5731,6.244634444,0.160137476,41519
485.1,8197.3,7.1,20645,62078,1.36,0,188,23,21,16917,85,0,441,640,35187,5637,6.24215008,0.160201211,40824
485.2,8200,7.1,21523,67675,1.39,13,242,0,19,22072,37,0,384,727,35277,5777,6.106456638,0.163761091,41054
485.3,8202.3,7.08,21567,62666,1.4,18,257,60,16,15256,37,0,484,721,36831,5965,6.174518022,0.161955961,42796
485.4,8204.6,7.07,21874,63373,1.25,10,185,0,16,15439,65,171,389,903,37328,5800,6.435862069,0.15537934,43128
485.5,8206.9,7.07,22030,65154,1.31,18,178,33,29,16702,123,0,398,855,37434,5862,6.385875128,0.156595608,43296
485.6,8209.8,7.07,22104,67204,1.24,22,202,0,42,18449,134,0,416,849,38103,5695,6.690605795,0.149463297,43798
485.7,8212.9,7.07,22248,70557,1.39,28,200,0,34,22961,61,88,396,818,37028,5704,6.491584853,0.154045587,42732
485.8,8217.1,7.07,21191,64268,1.26,19,201,11,38,18337,135,71,354,702,35915,5834,6.156153582,0.162439092,41749
485.9,8220,7.06,20412,56666,1.26,0,149,9,17,10002,173,139,426,779,36581,5591,6.542836702,0.152838905,42172
486,8222.6,7.04,21309,61448,1.35,35,211,46,40,13829,107,85,447,795,36945,5653,6.535467893,0.153011233,42598
486.1,8225.9,7,20796,63665,1.43,12,189,30,30,17781,124,48,324,802,35490,5869,6.047026751,0.165370527,41359
486.2,8229,7,20406,61929,1.35,12,162,62,16,17901,64,90,162,852,34413,5526,6.227470141,0.160578851,39939
486.3,8231.2,7,21257,66127,1.23,31,192,48,64,19993,109,104,389,834,35697,5524,6.462165098,0.154746897,41221
486.4,8233.6,6.99,20790,62256,1.3,0,198,33,24,16278,130,37,423,676,35803,5737,6.240718145,0.160237969,41540
486.5,8236.6,6.98,20423,59179,1.26,5,198,18,16,13109,51,0,368,660,36408,5576,6.529411765,0.153153153,41984
486.6,8240,6.94,21330,60523,1.26,33,233,38,20,14604,71,47,296,726,36093,5488,6.576712828,0.152051644,41581
486.8,8245.6,6.89,19534,54468,1.09,0,252,19,69,9970,4,0,319,871,34818,5361,6.494683828,0.153972083,40179
486.9,8248.8,6.9,20128,56785,1.23,17,206,34,56,11501,0,95,402,678,35640,5401,6.598778004,0.15154321,41041
487,8251.6,6.89,21733,62241,1.3,17,247,0,5,14588,0,78,584,799,36660,5841,6.276322548,0.159328969,42501
487.1,8254.8,6.85,21691,60245,1.34,19,268,25,15,11303,0,0,416,833,38186,5970,6.396314908,0.15634002,44156
487.2,8257.9,6.85,22400,63752,1.34,26,251,33,40,14483,43,0,484,859,38108,6049,6.299884278,0.158733074,44157
487.3,8261.1,6.87,22343,63248,1.31,23,224,0,27,14968,0,0,385,743,37670,5772,6.526334026,0.153225378,43442
487.4,8263.7,6.9,20938,57846,1.31,13,228,24,38,11457,0,0,472,728,36006,5554,6.482895211,0.154252069,41560
487.5,8267.1,6.91,20182,53451,1.32,15,166,23,35,6868,0,66,277,704,36741,5855,6.275149445,0.159358755,42596
487.6,8270,6.92,20962,53190,1.41,0,177,33,46,4558,22,146,410,717,37868,6138,6.169436298,0.162089363,44006
487.7,8273.3,6.93,21865,57304,1.39,23,220,29,38,7319,0,46,246,772,38965,5956,6.542142377,0.152855126,44921
487.8,8276.5,6.96,21622,56845,1.4,49,238,64,37,6353,0,112,452,742,39364,5971,6.592530564,0.15168682,45335
487.9,8279.5,6.97,21949,56990,1.24,25,210,42,57,5794,0,142,321,917,39749,6126,6.488573294,0.154117085,45875
488,8282.5,6.99,21961,56489,1.29,10,276,52,45,4938,0,182,364,839,40027,6145,6.513751017,0.153521373,46172
488.1,8285.7,7.01,22023,56665,1.33,10,249,33,54,5530,0,156,336,515,39997,6000,6.666166667,0.150011251,45997
488.2,8288.7,7.04,21962,57408,1.25,7,229,43,47,5737,31,35,494,864,39782,6068,6.556031641,0.152531296,45850
488.3,8291.5,7.04,22034,58661,1.27,22,273,46,46,6276,0,0,408,835,40239,6345,6.341843972,0.157682845,46584
488.4,8294.2,7.06,22154,59308,1.28,10,244,51,57,6933,0,52,595,868,39920,6299,6.337513891,0.157790581,46219
488.5,8297.6,7.06,22227,59142,1.37,15,289,35,20,6426,12,85,482,997,40521,6251,6.482322828,0.154265689,46772
488.6,8300.6,7.06,22163,57799,1.33,16,279,7,32,6024,6,0,433,699,40350,6290,6.414944356,0.155885998,46640
488.7,8303.4,7.06,21926,58070,1.37,8,249,62,58,7079,57,0,609,899,39546,5981,6.611937803,0.151241592,45527
488.8,8306.8,7.06,21471,57724,1.28,22,258,15,31,7612,39,115,564,788,38655,5949,6.497730711,0.153899884,44604
488.9,8309.8,7.06,21858,60545,1.28,12,210,28,63,8966,14,92,585,916,39526,6243,6.331251001,0.157946668,45769
489,8312.7,7.03,22514,60018,1.25,18,233,63,54,7376,106,25,459,1067,40363,6261,6.446733749,0.15511731,46624
489.1,8315.8,7.03,22662,60307,1.43,28,302,81,10,7257,66,0,696,882,40222,6295,6.389515488,0.15650639,46517
489.2,8318.7,7.01,22214,58768,1.25,17,336,42,17,7090,78,9,355,985,39812,6101,6.525487625,0.153245253,45913
489.3,8321.9,7.01,22340,59014,1.29,6,288,60,33,6868,134,0,473,857,40104,6024,6.657370518,0.150209455,46128
489.4,8324.8,6.99,22232,59940,1.29,14,363,70,56,8542,147,106,424,854,38867,6140,6.330130293,0.157974631,45007
489.5,8327.9,6.96,21830,60992,1.44,27,339,36,25,11151,275,13,331,877,37839,5902,6.411216537,0.155976638,43741
489.6,8331.4,6.93,20437,56246,1.51,17,253,63,28,9871,151,73,452,634,35226,5611,6.278025307,0.159285755,40837
489.8,8337.4,6.84,19871,60151,1.39,23,255,31,12,18475,64,0,348,638,31867,5198,6.130627164,0.163115449,37065
489.9,8340.5,6.82,18628,57073,1.12,13,173,48,0,16482,79,27,373,741,31133,5280,5.896401515,0.169594964,36413
490,8343.5,6.81,19115,54325,1.36,24,244,47,30,12686,61,41,262,775,31623,5158,6.130864676,0.163109129,36781
490.1,8345.7,6.81,18889,54258,1.23,0,222,31,12,13945,40,74,442,503,30426,4991,6.096173112,0.164037336,35417
490.2,8348.4,6.82,19046,57641,1.24,16,246,32,61,17802,15,0,367,583,30394,5083,5.979539642,0.167236955,35477
490.3,8351.8,6.85,18970,61862,1.43,0,214,34,21,22683,41,36,277,630,29852,4998,5.972789116,0.167425968,34850
490.4,8354.4,6.86,19535,68038,1.39,19,293,34,35,30575,42,0,517,529,28137,4925,5.713096447,0.175036429,33062
490.5,8356.8,6.89,20021,70148,1.35,29,204,68,50,31314,43,110,423,746,29032,5083,5.711587645,0.175082667,34115
490.6,8359.1,6.91,20531,68048,1.43,32,236,117,35,28179,0,19,568,544,29790,5331,5.588069781,0.178952669,35121
490.7,8362.6,6.93,21343,69037,1.34,26,322,84,44,27765,4,42,659,611,31212,5255,5.939486204,0.168364732,36467
490.8,8364.8,6.96,20965,66121,1.48,32,345,119,30,23592,0,131,787,745,31739,5282,6.008898145,0.166419862,37021
490.9,8367.5,6.98,20357,63605,1.28,29,329,97,42,21614,5,114,830,721,31168,5375,5.798697674,0.172452515,36543
491,8369.5,6.99,20569,63340,1.45,34,348,88,36,19949,0,143,783,669,32650,5396,6.050778354,0.165267994,38046
491.1,8372.4,6.99,20865,63407,1.27,10,291,94,73,18744,26,151,880,632,33353,5523,6.038928119,0.165592301,38876
491.2,8375.4,7,20607,61879,1.38,33,281,49,48,17536,6,95,894,584,33270,5616,5.924145299,0.168800721,38886
491.3,8378.1,7.03,21497,65464,1.49,18,272,90,46,20144,0,0,702,650,34049,5758,5.913337965,0.169109225,39807
491.4,8381.4,7.06,21641,63124,1.26,16,257,93,19,17072,118,34,749,591,34742,5704,6.090813464,0.164181682,40446
491.5,8385.1,7.08,20917,59650,1.27,9,271,44,41,13078,88,31,691,649,34849,5923,5.883673814,0.169961835,40772
491.6,8387.7,7.1,21401,58920,1.3,30,299,64,45,10111,81,85,698,611,36778,6254,5.880716342,0.170047311,43032
491.7,8390.1,7.11,22647,66436,1.43,19,293,42,30,16488,83,41,827,878,37563,6014,6.245926172,0.160104358,43577
491.8,8392.8,7.13,22796,63075,1.33,8,318,75,38,11958,144,65,897,847,37993,6390,5.945696401,0.168188877,44383
491.9,8395.6,7.15,22422,59842,1.15,5,345,60,45,8668,74,31,882,752,38363,6225,6.162730924,0.162265725,44588
492,8398.5,7.17,22098,60971,1.39,8,390,98,20,10593,0,80,944,945,37767,6043,6.249710409,0.160007414,43810
492.1,8401.7,7.19,21912,60647,1.33,19,393,76,67,10581,8,0,886,680,38111,6056,6.293097754,0.158904253,44167
492.2,8405,7.18,22912,66584,1.27,30,310,87,19,14921,24,53,1002,919,38533,6299,6.11732021,0.163470272,44832
492.3,8407.7,7.18,23391,64298,1.46,26,441,103,64,10830,30,0,973,870,39936,6587,6.06285107,0.164938902,46523
492.4,8410,7.19,22563,60226,1.29,49,359,108,71,8361,0,55,1094,868,38483,6261,6.146462226,0.162695216,44744
492.5,8412.6,7.22,22317,61002,1.42,33,342,82,58,9966,0,0,1097,1031,38066,6257,6.083746204,0.164372406,44323
492.6,8415.2,7.23,21940,58340,1.21,38,371,133,39,7484,12,0,1036,714,38022,6061,6.273222241,0.159407711,44083
492.7,8418.1,7.24,22523,60693,1.33,59,412,165,92,8738,0,102,1097,883,38625,6343,6.089389879,0.164220065,44968
492.8,8420.6,7.26,23012,64573,1.21,51,509,159,57,13251,0,0,985,677,38173,6059,6.300214557,0.158724753,44232
492.9,8423.3,7.28,23030,66855,1.34,56,447,132,44,16106,0,137,1140,712,37675,6113,6.163095043,0.162256138,43788
493,8425.7,7.3,22763,66640,1.67,29,411,110,46,18073,0,80,803,819,36314,6036,6.016235918,0.166216886,42350
493.1,8428.4,7.31,21548,61753,1.47,48,458,100,85,14255,0,13,918,674,35357,5703,6.199719446,0.161297621,41060
493.2,8431,7.31,21357,62274,1.21,10,367,113,60,16902,0,84,985,715,33784,5596,6.037169407,0.16564054,39380
493.3,8434,7.3,21468,61663,1.3,30,333,115,52,16006,18,0,1199,740,33546,5613,5.976483164,0.167322483,39159
493.4,8436.8,7.29,21061,58628,1.44,9,318,75,61,12622,5,51,1057,688,34617,5835,5.932647815,0.168558801,40452
493.5,8439.5,7.3,21338,58694,1.43,9,356,72,56,11724,22,82,961,768,35900,5444,6.594415871,0.151643454,41344
493.6,8442.4,7.32,21836,59784,1.32,33,404,81,46,11695,0,30,954,635,36718,5858,6.26800956,0.15954028,42576
493.7,8445,7.35,21645,59698,1.29,27,367,106,65,10885,0,132,963,872,36783,5953,6.178901394,0.161841068,42736
493.8,8447.7,7.37,21587,59514,1.25,56,371,92,64,10753,0,32,1084,848,36756,5811,6.325245225,0.158096637,42567
493.9,8450.4,7.39,21442,59366,1.23,51,402,103,67,11041,40,144,1140,832,35766,5793,6.174003107,0.161969468,41559
494,8453.3,7.41,21625,59307,1.4,56,324,92,72,10759,83,0,1148,708,36674,5612,6.53492516,0.153023941,42286
494.1,8456.2,7.42,21286,58096,1.15,36,397,72,61,11233,0,75,995,743,35278,5579,6.32335544,0.158143886,40857
494.2,8459.3,7.42,21459,62032,1.37,0,315,63,54,14873,33,36,967,610,35159,5793,6.069221474,0.164765778,40952
494.3,8461.9,7.42,21346,61148,1.33,27,329,69,89,14101,120,78,873,895,35331,5433,6.503036996,0.153774306,40764
494.4,8464.8,7.4,21491,62139,1.51,15,334,84,22,16358,0,153,735,591,34916,5417,6.445634115,0.155143774,40333
494.5,8467.6,7.38,22142,66770,1.39,16,404,95,54,20885,0,9,962,597,34568,5590,6.183899821,0.161710252,40158
494.6,8470.7,7.39,21937,66755,1.47,15,409,119,48,21986,0,101,689,620,33480,5466,6.125137212,0.163261649,38946
494.7,8473.8,7.38,21902,70800,1.48,25,303,86,56,26365,0,71,818,764,33417,5567,6.002694449,0.166591854,38984
494.8,8477,7.39,21028,69530,1.48,62,421,251,90,25686,0,100,1128,702,32337,5516,5.86240029,0.170578594,37853
494.9,8480,7.4,21285,65968,1.4,13,293,86,12,21425,0,0,691,499,33567,5706,5.882754995,0.169988381,39273
495,8482.9,7.4,23217,80028,1.41,24,398,86,40,35211,79,0,818,554,33562,5659,5.930729811,0.168613313,39221
495.1,8485.3,7.41,21820,73223,1.52,22,390,74,58,29660,29,0,932,613,32508,5482,5.929952572,0.168635413,37990
495.2,8487,7.42,20915,66211,1.45,13,291,52,27,22460,44,61,830,721,32867,5375,6.114790698,0.163537895,38242
495.3,8489.5,7.42,20171,60424,1.31,36,347,117,31,17422,81,43,607,650,32276,5299,6.090960559,0.164177717,37575
495.4,8492.5,7.42,21277,68644,1.39,20,319,85,57,24868,68,50,659,774,32858,5604,5.86331192,0.170552073,38462
495.5,8495.3,7.43,21942,63650,1.37,20,388,132,77,17256,40,0,901,651,35002,5687,6.154738878,0.16247643,40689
495.6,8497.8,7.44,21571,58788,1.53,25,356,83,53,11230,0,86,834,785,35888,5739,6.253354243,0.159914177,41627
495.7,8500.3,7.44,22232,57076,1.34,40,301,104,55,8254,0,152,761,558,37445,5853,6.397573894,0.156309254,43298
495.8,8502.8,7.44,22494,58593,1.35,19,310,130,61,8931,36,18,929,869,37593,5745,6.543603133,0.152821004,43338
495.9,8505.4,7.44,22459,58450,1.24,6,392,59,46,8127,29,107,804,724,38298,5810,6.591738382,0.15170505,44108
496,8508,7.45,22684,61207,1.53,15,323,55,33,11544,27,0,764,611,38237,5938,6.439373526,0.15529461,44175
496.1,8510.7,7.46,22639,61319,1.53,21,323,49,59,12098,0,0,802,649,37470,5538,6.765980498,0.147798239,43008
496.2,8513.5,7.46,22009,56394,1.37,16,349,42,70,6847,0,0,663,726,37714,5772,6.533957034,0.153046614,43486
496.3,8516.1,7.46,21909,56547,1.25,14,359,62,45,7672,0,0,887,606,36545,5850,6.247008547,0.160076618,42395
496.4,8518,7.45,22343,58385,1.31,37,365,51,72,8468,0,0,780,769,37833,5769,6.557982319,0.152485925,43602
496.5,8520.3,7.46,22446,62091,1.41,9,395,69,108,13230,0,81,813,743,36737,5555,6.613321332,0.151209952,42292
496.6,8523.2,7.47,22362,62262,1.27,5,384,25,68,13835,0,91,770,767,36433,5630,6.471225577,0.154530234,42063
496.7,8526,7.47,22586,64110,1.33,22,332,44,52,15265,33,142,742,665,36867,5664,6.509004237,0.153633331,42531
496.8,8528.6,7.48,22337,61429,1.4,11,364,73,37,12852,0,0,746,797,36744,5481,6.703886152,0.149167211,42225
496.9,8531.8,7.48,22506,62530,1.36,10,406,47,100,11965,19,69,788,774,38013,5849,6.499059668,0.153868413,43862
497,8534.7,7.47,23406,68741,1.34,6,390,76,70,17531,0,0,607,932,38720,6234,6.211100417,0.161002066,44954
497.1,8536.9,7.47,23258,66066,1.42,24,377,76,62,15142,16,93,805,833,37998,6054,6.276511397,0.159324175,44052
497.2,8539.3,7.46,22870,63937,1.27,27,383,42,46,14332,0,66,867,716,37834,5883,6.431072582,0.155495057,43717
497.3,8542.4,7.46,22655,62396,1.45,26,339,48,51,12532,0,222,943,808,37319,6055,6.163336086,0.162249792,43374
497.4,8545.3,7.46,22455,64358,1.39,28,482,72,44,16665,14,165,877,705,35517,5661,6.273979862,0.159388462,41178
497.5,8547.7,7.45,19158,55351,1.21,31,343,70,68,14391,0,40,772,560,30812,4985,6.180942828,0.161787615,35797
497.6,8551.1,7.44,17141,51266,1.28,40,362,125,44,15006,12,0,807,622,26965,4566,5.905606658,0.169330614,31531
497.7,8553.6,7.44,16909,49710,1.23,41,361,112,57,13440,13,178,792,553,26459,4665,5.671811361,0.176310518,31124
497.8,8556.4,7.45,17632,55349,1.44,80,611,288,102,18759,32,59,1073,780,25765,4858,5.30362289,0.188550359,30623
497.9,8558.9,7.46,19123,61730,1.42,109,1054,498,129,22066,0,125,1526,808,27516,5256,5.235159817,0.191016136,32772
498,8562.4,7.47,21187,69103,1.46,131,905,632,173,23761,20,192,2033,959,30474,6040,5.045364238,0.198201746,36514
498.1,8565.3,7.47,23395,69572,1.34,97,639,454,129,18738,151,57,1628,821,36408,6222,5.851494696,0.170896506,42630
498.2,8568,7.45,23365,61397,1.47,31,425,132,50,10496,132,117,1077,835,38371,6095,6.295488105,0.158843919,44466
498.3,8569.8,7.45,23873,68865,1.41,46,390,97,104,17814,7,94,1092,927,38033,6303,6.034110741,0.165724502,44336
498.4,8572.7,7.44,23927,76798,1.44,45,416,139,47,27722,132,60,1080,856,36490,6105,5.977067977,0.167306111,42595
498.5,8575.5,7.42,23722,74334,1.36,40,394,143,92,26347,0,35,1139,798,35782,5755,6.217549957,0.160835057,41537
498.6,8579.1,7.41,23707,76535,1.43,61,427,150,96,28883,67,92,1047,675,35405,5844,6.058350445,0.165061432,41249
498.7,8582.4,7.38,22851,70709,1.28,42,399,109,58,24675,29,108,1011,721,34188,5750,5.94573913,0.168187668,39938
498.9,8588.2,7.28,21412,64384,1.42,27,431,129,73,20221,104,0,1258,521,32248,5593,5.765778652,0.173437112,37841
499,8591.1,7.25,22193,71739,1.52,61,490,170,112,26809,268,123,1642,727,31854,5476,5.817019722,0.171909336,37330
499.1,8594.1,7.24,22555,81548,1.51,51,548,224,137,38449,347,101,1626,728,29844,5706,5.230283912,0.19119421,35550
499.2,8597.1,7.25,21016,76941,1.52,53,503,148,140,37333,257,72,1289,621,27961,5255,5.320837298,0.187940345,33216
499.3,8600,7.27,20789,75245,1.36,102,717,310,266,36123,29,145,1296,567,27155,5514,4.924737033,0.203056527,32669
499.4,8602.3,7.26,22062,78707,1.43,60,523,239,158,36373,86,96,1327,697,30085,5792,5.194233425,0.19252119,35877
499.5,8605.3,7.26,22572,77908,1.47,88,487,204,85,34151,152,68,1223,720,31587,5613,5.62747194,0.177699687,37200
499.6,8608.3,7.25,22009,75694,1.44,23,432,45,81,33456,191,48,923,666,31272,5318,5.880406168,0.17005628,36590
499.7,8610.9,7.23,22233,79567,1.25,41,429,96,97,37028,228,121,790,615,30964,5453,5.678342197,0.176107738,36417
499.8,8613.5,7.23,22208,82139,1.39,60,403,88,55,41166,298,48,891,521,29581,5353,5.526060153,0.180960752,34934
499.9,8616.2,7.23,21735,77783,1.49,21,336,71,92,36963,120,0,682,726,30085,5479,5.490965505,0.182117334,35564
500,8619,7.23,22792,82492,1.55,21,395,147,107,39832,192,0,943,590,31135,5382,5.785024155,0.172860125,36517
500.1,8621.1,7.23,22782,78991,1.55,25,356,125,65,34466,238,0,654,470,32793,5702,5.751139951,0.173878572,38495
500.2,8624.2,7.23,22045,69527,1.24,20,420,69,67,25239,190,0,677,600,32979,5559,5.932541824,0.168561812,38538
500.3,8627,7.23,21366,69593,1.38,17,319,101,36,26272,151,79,740,549,32317,5438,5.942809857,0.16827057,37755
500.4,8629.6,7.23,21441,69069,1.66,40,372,124,97,25368,51,36,682,554,32555,5543,5.873173372,0.170265704,38098
500.5,8631.7,7.21,22392,76197,1.54,26,337,154,101,31378,66,27,524,734,33635,5500,6.115454545,0.163520143,39135
500.6,8635,7.22,22265,74188,1.31,23,444,205,153,29647,60,49,686,626,33052,5566,5.938196191,0.168401307,38618
500.7,8637.5,7.22,21881,73717,1.31,27,279,77,80,29981,78,0,562,771,32900,5557,5.92046068,0.168905775,38457
500.8,8640.3,7.22,21233,63758,1.39,26,244,76,56,18096,183,8,463,663,34963,5615,6.226714159,0.160598347,40578
500.9,8642.2,7.2,23229,75079,1.4,35,292,108,74,28959,171,0,506,556,35282,5482,6.435972273,0.155376679,40764
501,8646.3,7.2,22725,75853,1.32,39,408,112,47,30739,69,0,603,704,34233,5398,6.341793257,0.157684106,39631
501.1,8648.3,7.21,21696,71489,1.27,18,330,92,65,27042,148,19,715,682,33386,5663,5.895461769,0.169621997,39049
501.2,8652,7.22,20286,63722,1.3,22,288,68,37,21264,109,87,705,702,32512,5427,5.990786807,0.166922982,37939
501.3,8654.8,7.22,19593,59231,1.42,41,244,111,22,17106,67,0,620,534,31994,5484,5.834062728,0.171407139,37478
501.4,8656.9,7.21,20695,63196,1.28,43,262,76,24,19396,69,0,621,649,33382,5486,6.084943493,0.164340064,38868
501.5,8659.4,7.2,21766,68642,1.37,28,249,66,16,23459,58,233,718,700,34591,5564,6.216930266,0.160851088,40155
501.6,8662.6,7.2,22681,73384,1.44,14,307,52,74,27873,88,88,919,721,34524,5499,6.278232406,0.159280501,40023
501.7,8666.1,7.19,22219,64859,1.39,24,359,80,59,16983,0,161,1086,557,36283,5727,6.335428671,0.157842516,42010
501.8,8668.8,7.18,21448,60036,1.32,38,393,37,47,12271,129,152,1430,786,35742,5743,6.223576528,0.160679313,41485
501.9,8670.6,7.17,21033,61890,1.25,17,471,43,82,15219,106,0,1711,601,34619,5558,6.228679381,0.160547676,40177
502,8673.2,7.14,21171,64922,1.28,0,438,34,25,18551,137,132,1983,629,34028,5741,5.927190385,0.168714,39769
502.1,8675.8,7.1,22137,71269,1.55,20,510,78,75,23318,121,122,2002,687,34677,5886,5.891437309,0.169737867,40563
502.2,8678.3,7.07,22130,73409,1.44,10,563,74,113,27664,95,56,2025,638,33097,5648,5.859950425,0.170649908,38745
502.3,8681.3,7.04,21443,66233,1.22,6,439,30,52,20841,147,62,2135,681,32580,5433,5.996686913,0.166758748,38013
502.4,8683.8,7.01,22105,73250,1.35,13,534,57,83,27873,96,82,2276,538,32470,5503,5.900417954,0.16947952,37973
502.5,8686.6,6.98,23105,82580,1.45,10,511,73,49,37240,89,0,1899,560,32558,5702,5.709926342,0.175133608,38260
502.6,8689.1,6.96,23517,86081,1.34,15,530,11,55,40404,126,144,1994,559,32482,5689,5.709615047,0.175143156,38171
502.7,8691.8,6.94,24000,94127,1.4,6,537,66,78,51052,18,102,1832,581,30671,5411,5.668268342,0.176420723,36082
502.8,8694.8,6.92,23766,94685,1.51,38,444,99,74,52949,117,14,1498,722,29735,5345,5.563143124,0.179754498,35080
502.9,8697.1,6.92,23487,89769,1.43,20,469,56,65,46485,118,156,1556,673,31022,5499,5.641389344,0.177261298,36521
503,8700.1,6.91,22884,84836,1.34,22,420,81,71,41987,0,4,1422,620,31127,5447,5.714521755,0.174992772,36574
503.1,8703.3,6.89,23821,92115,1.54,28,427,91,26,48920,175,0,1317,468,31184,5620,5.548754448,0.180220626,36804
503.2,8706.2,6.85,23855,84645,1.34,23,480,55,58,38458,230,0,1328,595,33457,5617,5.956382411,0.167887139,39074
503.3,8709.1,6.81,23554,72769,1.4,42,470,126,78,23510,305,0,1252,704,35867,6010,5.967886855,0.167563498,41877
503.4,8712,6.77,23506,68995,1.37,33,488,104,91,19090,299,0,1112,771,36822,5784,6.366182573,0.157080007,42606
503.5,8714.7,6.75,25537,92231,1.57,20,525,88,85,43261,307,30,1085,785,35667,5895,6.050381679,0.165278829,41562
503.6,8717.8,6.72,26148,103202,1.6,27,484,91,74,56856,319,18,1146,798,33813,5632,6.003728693,0.166563156,39445
503.7,8720.7,6.71,25000,89781,1.38,26,553,88,36,41511,315,26,1283,642,35187,5615,6.266607302,0.15957598,40802
503.8,8723.5,6.69,24836,90603,1.45,36,604,101,37,43691,302,0,1152,738,34066,5611,6.07128854,0.164709681,39677
503.9,8726.2,6.68,23104,82018,1.36,43,595,71,90,37104,339,0,1054,656,32721,5334,6.134420697,0.163014578,38055
504,8728.9,6.67,22412,75671,1.4,42,609,59,61,30420,344,9,1198,643,32782,5330,6.150469043,0.162589226,38112
504.1,8732.4,6.65,22891,81902,1.32,18,663,100,48,38671,283,0,851,590,30917,5642,5.479794399,0.182488599,36559
504.2,8734.9,6.62,22702,83128,1.45,14,596,114,83,40261,299,0,1109,615,30815,5336,5.774925037,0.173162421,36151
504.3,8737.2,6.6,23184,84735,1.4,38,508,136,70,41369,353,0,935,614,31394,5355,5.862558357,0.170573995,36749
504.4,8739.6,6.56,22342,75230,1.49,54,582,110,75,30216,291,0,1043,474,32556,5688,5.723628692,0.174714338,38244
504.5,8742.4,6.56,23420,81274,1.47,70,526,158,57,34602,337,0,1283,613,33907,5702,5.946509996,0.168165865,39609
504.6,8745,6.57,23736,80818,1.4,59,591,75,62,33108,247,35,1339,711,34827,5624,6.192567568,0.161483906,40451
504.7,8747.7,6.57,21721,64748,1.16,19,490,69,86,17179,265,0,1263,628,35377,5702,6.204314276,0.161178167,41079
504.8,8750.1,6.56,21150,60105,1.31,22,393,25,44,11979,203,0,1229,771,36047,5860,6.151365188,0.162565539,41907
